// x        y         z         vx                 vy          vz             h       Ms     N
-5.385202	-0.840171	-0.229015	0.001099944   	0.006518169	   -0.002820667	  .0001	    1	  190000 \n // Júpiter
0.8300348	-0.5315723	0.2304572	0.00956703	  0.01288496	  0.00558611	  .0001		  1		10000	\n// Tierra
-0.8326456	-1.178256	-0.5179253	0.01227603	-0.00570021	0.00294625	.0001		1		100000 \n//Marte
.3505095	0.0263391	-0.222775	-0.00666005	    .002574734	    0.01444411	   .00001		1		  10000  \n  //Mercurio
21253.32	-19.49023	-8.50658	0.002199232	0.002084787	0.000798469	0.001		1      	1000000         \n  //Neptuno
-4.11218	-29.56880	-7.98970	0.003169840	0.000584314	-0.001138225	.0001		1		10000000 \n // Plutón
-3.743403	7.568504	3.287166	-0.005379637	-0.002084787	-0.000690547	.0001	1	1000000  \n // Saturno
-18.67730	-6.62573	-3.16600	0.001410659	0.003186556	0.001375761	.001		1	85000  \n // Urano
0.0655112	-0.6589741	-0.3006194	0.02000833	0.00205477	-0.00034178	.0001		1		10000  \n// Venus



