  año		   x		  y		  z		 vx		 vy		  vz		r 

 0.000000 	 -0.634942 	 0.691027 	 0.299588 	 0.058359 	 -0.088367 	 -0.038311 	 0.985100 

 0.999918 	 -0.634782 	 0.690785 	 0.299483 	 0.130201 	 -0.166548 	 -0.072205 	 0.984795 

 1.999835 	 -0.634426 	 0.690329 	 0.299285 	 0.202137 	 -0.244822 	 -0.106140 	 0.984186 

 2.999753 	 -0.633872 	 0.689659 	 0.298994 	 0.274210 	 -0.323239 	 -0.140137 	 0.983270 

 3.999670 	 -0.633121 	 0.688773 	 0.298611 	 0.346468 	 -0.401847 	 -0.174217 	 0.982049 

 4.999588 	 -0.632173 	 0.687673 	 0.298134 	 0.418954 	 -0.480698 	 -0.208402 	 0.980521 

 5.999505 	 -0.631026 	 0.686357 	 0.297563 	 0.491718 	 -0.559841 	 -0.242714 	 0.978684 

 6.999423 	 -0.629679 	 0.684824 	 0.296899 	 0.564805 	 -0.639330 	 -0.277175 	 0.976539 

 7.999340 	 -0.628133 	 0.683074 	 0.296140 	 0.638266 	 -0.719216 	 -0.311809 	 0.974084 

 8.999258 	 -0.626385 	 0.681105 	 0.295286 	 0.712150 	 -0.799554 	 -0.346639 	 0.971317 

 9.999175 	 -0.624436 	 0.678915 	 0.294337 	 0.786510 	 -0.880402 	 -0.381689 	 0.968235 

 10.999092 	 -0.622282 	 0.676505 	 0.293292 	 0.861399 	 -0.961816 	 -0.416986 	 0.964839 

 11.999009 	 -0.619924 	 0.673871 	 0.292150 	 0.936872 	 -1.043857 	 -0.452554 	 0.961124 

 12.998927 	 -0.617358 	 0.671013 	 0.290911 	 1.012988 	 -1.126588 	 -0.488421 	 0.957089 

 13.998844 	 -0.614585 	 0.667929 	 0.289574 	 1.089806 	 -1.210074 	 -0.524615 	 0.952731 

 14.998761 	 -0.611601 	 0.664615 	 0.288137 	 1.167390 	 -1.294383 	 -0.561166 	 0.948047 

 15.998678 	 -0.608405 	 0.661071 	 0.286601 	 1.245806 	 -1.379587 	 -0.598106 	 0.943033 

 16.998595 	 -0.604994 	 0.657294 	 0.284963 	 1.325123 	 -1.465761 	 -0.635466 	 0.937687 

 17.998513 	 -0.601365 	 0.653281 	 0.283223 	 1.405417 	 -1.552986 	 -0.673281 	 0.932004 

 18.998430 	 -0.597517 	 0.649029 	 0.281380 	 1.486763 	 -1.641345 	 -0.711589 	 0.925981 

 19.998347 	 -0.593447 	 0.644535 	 0.279432 	 1.569245 	 -1.730928 	 -0.750426 	 0.919612 

 20.998264 	 -0.589150 	 0.639796 	 0.277377 	 1.652952 	 -1.821830 	 -0.789836 	 0.912893 

 21.998182 	 -0.584624 	 0.634807 	 0.275214 	 1.737976 	 -1.914154 	 -0.829862 	 0.905819 

 22.998099 	 -0.579866 	 0.629566 	 0.272942 	 1.824420 	 -2.008006 	 -0.870551 	 0.898385 

 23.998016 	 -0.574870 	 0.624069 	 0.270559 	 1.912391 	 -2.103506 	 -0.911954 	 0.890584 

 24.997933 	 -0.569634 	 0.618309 	 0.268062 	 2.002005 	 -2.200778 	 -0.954125 	 0.882409 

 25.997850 	 -0.564153 	 0.612283 	 0.265449 	 2.093390 	 -2.299959 	 -0.997124 	 0.873855 

 26.997768 	 -0.558421 	 0.605986 	 0.262719 	 2.186680 	 -2.401196 	 -1.041014 	 0.864913 

 27.997685 	 -0.552434 	 0.599412 	 0.259869 	 2.282025 	 -2.504649 	 -1.085865 	 0.855575 

 28.997602 	 -0.546186 	 0.592554 	 0.256896 	 2.379587 	 -2.610493 	 -1.131753 	 0.845834 

 29.997519 	 -0.539671 	 0.585406 	 0.253797 	 2.479542 	 -2.718919 	 -1.178760 	 0.835678 

 30.997437 	 -0.532882 	 0.577962 	 0.250570 	 2.582085 	 -2.830137 	 -1.226977 	 0.825099 

 31.997354 	 -0.525812 	 0.570213 	 0.247210 	 2.687430 	 -2.944377 	 -1.276505 	 0.814085 

 32.997271 	 -0.518454 	 0.562151 	 0.243715 	 2.795815 	 -3.061897 	 -1.327454 	 0.802624 

 33.997188 	 -0.510799 	 0.553768 	 0.240080 	 2.907501 	 -3.182979 	 -1.379948 	 0.790704 

 34.997105 	 -0.502838 	 0.545053 	 0.236302 	 3.022784 	 -3.307939 	 -1.434124 	 0.778311 

 35.997023 	 -0.494562 	 0.535996 	 0.232376 	 3.141990 	 -3.437133 	 -1.490134 	 0.765429 

 36.996940 	 -0.485959 	 0.526585 	 0.228296 	 3.265490 	 -3.570958 	 -1.548152 	 0.752041 

 37.996857 	 -0.477018 	 0.516808 	 0.224057 	 3.393702 	 -3.709864 	 -1.608374 	 0.738131 

 38.996774 	 -0.467726 	 0.506650 	 0.219653 	 3.527100 	 -3.854363 	 -1.671020 	 0.723678 

 39.996692 	 -0.458069 	 0.496097 	 0.215078 	 3.666227 	 -4.005040 	 -1.736345 	 0.708659 

 40.996609 	 -0.448031 	 0.485131 	 0.210324 	 3.811708 	 -4.162568 	 -1.804639 	 0.693051 

 41.996526 	 -0.437594 	 0.473734 	 0.205382 	 3.964265 	 -4.327724 	 -1.876241 	 0.676827 

 42.996443 	 -0.426740 	 0.461885 	 0.200245 	 4.124741 	 -4.501417 	 -1.951544 	 0.659956 

 43.996360 	 -0.415446 	 0.449560 	 0.194902 	 4.294127 	 -4.684712 	 -2.031009 	 0.642407 

 44.996278 	 -0.403689 	 0.436733 	 0.189341 	 4.473598 	 -4.878873 	 -2.115186 	 0.624140 

 45.996198 	 -0.391440 	 0.423375 	 0.183550 	 4.664561 	 -5.085415 	 -2.204730 	 0.605113 

 46.996115 	 -0.378669 	 0.409451 	 0.177513 	 4.868718 	 -5.306168 	 -2.300435 	 0.585278 

 47.996032 	 -0.365338 	 0.394922 	 0.171215 	 5.088157 	 -5.543376 	 -2.403275 	 0.564580 

 48.995949 	 -0.351407 	 0.379745 	 0.164634 	 5.325468 	 -5.799824 	 -2.514455 	 0.542952 

 49.995866 	 -0.336826 	 0.363865 	 0.157750 	 5.583922 	 -6.079026 	 -2.635500 	 0.520321 

 50.995784 	 -0.321537 	 0.347220 	 0.150534 	 5.867722 	 -6.385495 	 -2.768367 	 0.496597 

 51.995701 	 -0.305471 	 0.329737 	 0.142954 	 6.182382 	 -6.725151 	 -2.915621 	 0.471672 

 52.995618 	 -0.288544 	 0.311323 	 0.134971 	 6.535324 	 -7.105956 	 -3.080715 	 0.445418 

 53.995535 	 -0.270650 	 0.291867 	 0.126536 	 6.936834 	 -7.538942 	 -3.268432 	 0.417671 

 54.995453 	 -0.251657 	 0.271226 	 0.117587 	 7.401713 	 -8.039970 	 -3.485648 	 0.388228 

 55.995370 	 -0.231391 	 0.249212 	 0.108043 	 7.952248 	 -8.632906 	 -3.742709 	 0.356822 

 56.995287 	 -0.209618 	 0.225575 	 0.097796 	 8.624058 	 -9.355858 	 -4.056137 	 0.323091 

 57.995204 	 -0.186005 	 0.199959 	 0.086690 	 9.478789 	 -10.274709 	 -4.454496 	 0.286525 

 58.995121 	 -0.160052 	 0.171827 	 0.074494 	 10.635897 	 -11.516941 	 -4.993053 	 0.246354 

 59.995039 	 -0.130931 	 0.140293 	 0.060823 	 12.370729 	 -13.375823 	 -5.798952 	 0.201307 

 60.994956 	 -0.097060 	 0.103670 	 0.044945 	 15.545027 	 -16.766307 	 -7.268862 	 0.148957 

 61.994873 	 -0.054498 	 0.057764 	 0.025043 	 25.747542 	 -27.580328 	 -11.957172 	 0.083270 

 62.994790 	 0.015999 	 -0.017751 	 -0.007696 	 -83.545118 	 93.678924 	 40.613546 	 0.025105 

 63.994708 	 -0.212748 	 0.238742 	 0.103504 	 -82.939501 	 92.999309 	 40.318906 	 0.336114 

 64.994625 	 -0.439836 	 0.493374 	 0.213897 	 -82.797703 	 92.840251 	 40.249948 	 0.694713 

 65.994542 	 -0.666536 	 0.747571 	 0.324102 	 -82.735944 	 92.770983 	 40.219918 	 1.052699 

 66.994459 	 -0.893067 	 1.001578 	 0.434224 	 -82.701538 	 92.732397 	 40.203189 	 1.410417 

 67.994376 	 -1.119504 	 1.255479 	 0.544300 	 -82.679641 	 92.707840 	 40.192543 	 1.767987 

 68.994294 	 -1.345881 	 1.509313 	 0.654347 	 -82.664490 	 92.690850 	 40.185177 	 2.125463 

 69.994211 	 -1.572216 	 1.763101 	 0.764374 	 -82.653387 	 92.678399 	 40.179779 	 2.482873 

 70.994128 	 -1.798521 	 2.016854 	 0.874387 	 -82.644902 	 92.668884 	 40.175654 	 2.840234 

 71.994045 	 -2.024803 	 2.270582 	 0.984388 	 -82.638207 	 92.661377 	 40.172399 	 3.197559 

 72.993963 	 -2.251066 	 2.524288 	 1.094380 	 -82.632791 	 92.655303 	 40.169766 	 3.554856 

 73.993880 	 -2.477315 	 2.777979 	 1.204364 	 -82.628319 	 92.650288 	 40.167591 	 3.912128 

 74.993797 	 -2.703551 	 3.031655 	 1.314343 	 -82.624563 	 92.646077 	 40.165766 	 4.269382 

 75.993714 	 -2.929777 	 3.285320 	 1.424317 	 -82.621366 	 92.642491 	 40.164211 	 4.626619 

 76.993631 	 -3.155994 	 3.538975 	 1.534287 	 -82.618610 	 92.639401 	 40.162872 	 4.983842 

 77.993549 	 -3.382204 	 3.792622 	 1.644253 	 -82.616211 	 92.636710 	 40.161705 	 5.341054 

 78.993466 	 -3.608407 	 4.046261 	 1.754215 	 -82.614103 	 92.634346 	 40.160680 	 5.698255 

 79.993383 	 -3.834605 	 4.299894 	 1.864175 	 -82.612236 	 92.632253 	 40.159773 	 6.055446 

 80.993300 	 -4.060797 	 4.553521 	 1.974133 	 -82.610571 	 92.630386 	 40.158964 	 6.412630 

 81.993218 	 -4.286985 	 4.807143 	 2.084088 	 -82.609078 	 92.628712 	 40.158238 	 6.769807 

 82.993135 	 -4.513168 	 5.060761 	 2.194041 	 -82.607730 	 92.627201 	 40.157582 	 7.126977 

 83.993052 	 -4.739348 	 5.314374 	 2.303993 	 -82.606508 	 92.625830 	 40.156988 	 7.484142 

 84.992969 	 -4.965525 	 5.567983 	 2.413943 	 -82.605395 	 92.624582 	 40.156447 	 7.841301 

 85.992886 	 -5.191699 	 5.821589 	 2.523891 	 -82.604377 	 92.623440 	 40.155952 	 8.198455 

 86.992804 	 -5.417869 	 6.075192 	 2.633838 	 -82.603441 	 92.622391 	 40.155497 	 8.555605 

 87.992721 	 -5.644038 	 6.328792 	 2.743784 	 -82.602580 	 92.621425 	 40.155079 	 8.912751 

 88.992638 	 -5.870203 	 6.582390 	 2.853728 	 -82.601783 	 92.620532 	 40.154691 	 9.269893 

 89.992555 	 -6.096367 	 6.835985 	 2.963672 	 -82.601045 	 92.619704 	 40.154332 	 9.627031 

 90.992473 	 -6.322529 	 7.089578 	 3.073614 	 -82.600358 	 92.618934 	 40.153998 	 9.984167 

 91.992395 	 -6.548688 	 7.343168 	 3.183556 	 -82.599718 	 92.618216 	 40.153687 	 10.341299 

 92.992312 	 -6.774847 	 7.596757 	 3.293497 	 -82.599120 	 92.617546 	 40.153397 	 10.698429 

 93.992230 	 -7.001003 	 7.850344 	 3.403437 	 -82.598560 	 92.616918 	 40.153124 	 11.055556 

 94.992147 	 -7.227158 	 8.103929 	 3.513376 	 -82.598034 	 92.616328 	 40.152869 	 11.412681 

 95.992064 	 -7.453311 	 8.357512 	 3.623315 	 -82.597540 	 92.615774 	 40.152629 	 11.769803 

 96.991981 	 -7.679463 	 8.611094 	 3.733253 	 -82.597075 	 92.615252 	 40.152402 	 12.126924 

 97.991899 	 -7.905614 	 8.864675 	 3.843190 	 -82.596635 	 92.614760 	 40.152189 	 12.484042 

 98.991816 	 -8.131764 	 9.118254 	 3.953126 	 -82.596220 	 92.614294 	 40.151987 	 12.841158 

 99.991733 	 -8.357912 	 9.371832 	 4.063063 	 -82.595827 	 92.613854 	 40.151796 	 13.198273 

 100.991650 	 -8.584059 	 9.625409 	 4.172998 	 -82.595455 	 92.613436 	 40.151615 	 13.555386 

 101.991567 	 -8.810206 	 9.878984 	 4.282933 	 -82.595101 	 92.613040 	 40.151443 	 13.912497 

 102.991485 	 -9.036351 	 10.132559 	 4.392868 	 -82.594765 	 92.612663 	 40.151280 	 14.269607 

 103.991402 	 -9.262496 	 10.386132 	 4.502802 	 -82.594445 	 92.612304 	 40.151124 	 14.626715 

 104.991319 	 -9.488639 	 10.639705 	 4.612736 	 -82.594140 	 92.611962 	 40.150976 	 14.983822 

 105.991236 	 -9.714782 	 10.893276 	 4.722669 	 -82.593849 	 92.611636 	 40.150834 	 15.340928 

 106.991154 	 -9.940924 	 11.146847 	 4.832602 	 -82.593572 	 92.611324 	 40.150699 	 15.698032 

 107.991071 	 -10.167065 	 11.400417 	 4.942535 	 -82.593306 	 92.611027 	 40.150570 	 16.055135 

 108.990988 	 -10.393205 	 11.653986 	 5.052467 	 -82.593052 	 92.610742 	 40.150447 	 16.412237 

 109.990905 	 -10.619345 	 11.907554 	 5.162399 	 -82.592809 	 92.610469 	 40.150328 	 16.769338 

 110.990822 	 -10.845484 	 12.161121 	 5.272331 	 -82.592575 	 92.610207 	 40.150215 	 17.126438 

 111.990740 	 -11.071623 	 12.414688 	 5.382262 	 -82.592351 	 92.609956 	 40.150106 	 17.483537 

 112.990657 	 -11.297761 	 12.668254 	 5.492193 	 -82.592136 	 92.609715 	 40.150002 	 17.840635 

 113.990574 	 -11.523898 	 12.921820 	 5.602124 	 -82.591929 	 92.609483 	 40.149901 	 18.197732 

 114.990491 	 -11.750035 	 13.175384 	 5.712054 	 -82.591731 	 92.609260 	 40.149804 	 18.554828 

 115.990409 	 -11.976171 	 13.428948 	 5.821984 	 -82.591539 	 92.609045 	 40.149711 	 18.911923 

 116.990326 	 -12.202306 	 13.682512 	 5.931914 	 -82.591355 	 92.608839 	 40.149622 	 19.269017 

 117.990243 	 -12.428442 	 13.936075 	 6.041844 	 -82.591177 	 92.608640 	 40.149535 	 19.626111 

 118.990160 	 -12.654576 	 14.189637 	 6.151773 	 -82.591006 	 92.608447 	 40.149452 	 19.983204 

 119.990077 	 -12.880710 	 14.443199 	 6.261702 	 -82.590840 	 92.608262 	 40.149372 	 20.340296 

 120.989995 	 -13.106844 	 14.696761 	 6.371631 	 -82.590681 	 92.608083 	 40.149294 	 20.697387 

 121.989912 	 -13.332977 	 14.950322 	 6.481560 	 -82.590526 	 92.607909 	 40.149219 	 21.054478 

 122.989829 	 -13.559110 	 15.203882 	 6.591489 	 -82.590377 	 92.607742 	 40.149146 	 21.411568 

 123.989746 	 -13.785243 	 15.457442 	 6.701417 	 -82.590232 	 92.607580 	 40.149076 	 21.768657 

 124.989664 	 -14.011375 	 15.711002 	 6.811345 	 -82.590093 	 92.607423 	 40.149008 	 22.125746 

 125.989581 	 -14.237506 	 15.964561 	 6.921273 	 -82.589957 	 92.607271 	 40.148942 	 22.482834 

 126.989498 	 -14.463638 	 16.218120 	 7.031201 	 -82.589826 	 92.607124 	 40.148879 	 22.839921 

 127.989415 	 -14.689769 	 16.471678 	 7.141129 	 -82.589699 	 92.606982 	 40.148817 	 23.197008 

 128.989332 	 -14.915899 	 16.725236 	 7.251056 	 -82.589575 	 92.606843 	 40.148757 	 23.554095 

 129.989250 	 -15.142029 	 16.978793 	 7.360983 	 -82.589456 	 92.606709 	 40.148698 	 23.911180 

 130.989167 	 -15.368159 	 17.232350 	 7.470911 	 -82.589339 	 92.606579 	 40.148642 	 24.268266 

 131.989084 	 -15.594289 	 17.485907 	 7.580838 	 -82.589227 	 92.606452 	 40.148587 	 24.625351 

 132.989001 	 -15.820418 	 17.739464 	 7.690764 	 -82.589117 	 92.606329 	 40.148534 	 24.982435 

 133.988919 	 -16.046547 	 17.993020 	 7.800691 	 -82.589010 	 92.606210 	 40.148482 	 25.339519 

 134.988836 	 -16.272676 	 18.246576 	 7.910618 	 -82.588907 	 92.606093 	 40.148432 	 25.696602 

 135.988753 	 -16.498804 	 18.500131 	 8.020544 	 -82.588806 	 92.605980 	 40.148383 	 26.053685 

 136.988670 	 -16.724932 	 18.753686 	 8.130470 	 -82.588708 	 92.605870 	 40.148335 	 26.410768 

 137.988587 	 -16.951060 	 19.007241 	 8.240396 	 -82.588612 	 92.605763 	 40.148288 	 26.767850 

 138.988505 	 -17.177188 	 19.260796 	 8.350322 	 -82.588519 	 92.605659 	 40.148243 	 27.124932 

 139.988422 	 -17.403315 	 19.514350 	 8.460248 	 -82.588428 	 92.605557 	 40.148199 	 27.482013 

 140.988339 	 -17.629442 	 19.767904 	 8.570174 	 -82.588340 	 92.605458 	 40.148156 	 27.839094 

 141.988256 	 -17.855569 	 20.021458 	 8.680100 	 -82.588254 	 92.605362 	 40.148114 	 28.196174 

 142.988173 	 -18.081696 	 20.275011 	 8.790025 	 -82.588170 	 92.605268 	 40.148074 	 28.553255 

 143.988091 	 -18.307822 	 20.528564 	 8.899951 	 -82.588088 	 92.605176 	 40.148034 	 28.910334 

 144.988008 	 -18.533948 	 20.782117 	 9.009876 	 -82.588008 	 92.605086 	 40.147995 	 29.267414 

 145.987925 	 -18.760074 	 21.035670 	 9.119801 	 -82.587930 	 92.604999 	 40.147957 	 29.624493 

 146.987842 	 -18.986200 	 21.289223 	 9.229726 	 -82.587854 	 92.604913 	 40.147920 	 29.981572 

 147.987760 	 -19.212326 	 21.542775 	 9.339651 	 -82.587780 	 92.604830 	 40.147884 	 30.338650 

 148.987677 	 -19.438451 	 21.796327 	 9.449576 	 -82.587707 	 92.604748 	 40.147848 	 30.695728 

 149.987594 	 -19.664576 	 22.049879 	 9.559501 	 -82.587636 	 92.604669 	 40.147814 	 31.052806 

 150.987511 	 -19.890701 	 22.303430 	 9.669426 	 -82.587567 	 92.604591 	 40.147780 	 31.409883 

 151.987428 	 -20.116826 	 22.556981 	 9.779350 	 -82.587499 	 92.604515 	 40.147747 	 31.766961 

 152.987346 	 -20.342950 	 22.810533 	 9.889275 	 -82.587433 	 92.604441 	 40.147715 	 32.124038 

 153.987263 	 -20.569075 	 23.064084 	 9.999199 	 -82.587368 	 92.604368 	 40.147683 	 32.481114 

 154.987180 	 -20.795199 	 23.317634 	 10.109124 	 -82.587304 	 92.604297 	 40.147653 	 32.838190 

 155.987097 	 -21.021323 	 23.571185 	 10.219048 	 -82.587242 	 92.604227 	 40.147622 	 33.195267 

 156.987015 	 -21.247447 	 23.824735 	 10.328972 	 -82.587181 	 92.604159 	 40.147593 	 33.552342 

 157.986932 	 -21.473571 	 24.078285 	 10.438896 	 -82.587122 	 92.604092 	 40.147564 	 33.909418 

 158.986849 	 -21.699694 	 24.331835 	 10.548820 	 -82.587063 	 92.604027 	 40.147536 	 34.266493 

 159.986766 	 -21.925818 	 24.585385 	 10.658744 	 -82.587006 	 92.603963 	 40.147508 	 34.623568 

 160.986683 	 -22.151941 	 24.838935 	 10.768668 	 -82.586950 	 92.603900 	 40.147481 	 34.980643 

 161.986601 	 -22.378064 	 25.092484 	 10.878592 	 -82.586896 	 92.603838 	 40.147454 	 35.337717 

 162.986518 	 -22.604187 	 25.346034 	 10.988516 	 -82.586842 	 92.603778 	 40.147428 	 35.694792 

 163.986435 	 -22.830309 	 25.599583 	 11.098439 	 -82.586789 	 92.603719 	 40.147402 	 36.051866 

 164.986352 	 -23.056432 	 25.853132 	 11.208363 	 -82.586738 	 92.603661 	 40.147377 	 36.408940 

 165.986270 	 -23.282555 	 26.106681 	 11.318286 	 -82.586687 	 92.603605 	 40.147353 	 36.766013 

 166.986187 	 -23.508677 	 26.360229 	 11.428210 	 -82.586637 	 92.603549 	 40.147328 	 37.123087 

 167.986104 	 -23.734799 	 26.613778 	 11.538133 	 -82.586589 	 92.603494 	 40.147305 	 37.480160 

 168.986021 	 -23.960921 	 26.867326 	 11.648056 	 -82.586541 	 92.603441 	 40.147281 	 37.837233 

 169.985938 	 -24.187043 	 27.120874 	 11.757980 	 -82.586494 	 92.603388 	 40.147259 	 38.194305 

 170.985856 	 -24.413165 	 27.374422 	 11.867903 	 -82.586448 	 92.603336 	 40.147236 	 38.551378 

 171.985773 	 -24.639287 	 27.627970 	 11.977826 	 -82.586402 	 92.603286 	 40.147214 	 38.908450 

 172.985690 	 -24.865408 	 27.881518 	 12.087749 	 -82.586358 	 92.603236 	 40.147193 	 39.265522 

 173.985607 	 -25.091530 	 28.135066 	 12.197672 	 -82.586314 	 92.603187 	 40.147171 	 39.622594 

 174.985525 	 -25.317651 	 28.388613 	 12.307595 	 -82.586272 	 92.603139 	 40.147151 	 39.979666 

 175.985442 	 -25.543772 	 28.642161 	 12.417518 	 -82.586230 	 92.603092 	 40.147130 	 40.336738 

 176.985359 	 -25.769893 	 28.895708 	 12.527441 	 -82.586188 	 92.603045 	 40.147110 	 40.693809 

 177.985276 	 -25.996014 	 29.149255 	 12.637364 	 -82.586148 	 92.603000 	 40.147090 	 41.050880 

 178.985193 	 -26.222135 	 29.402802 	 12.747286 	 -82.586108 	 92.602955 	 40.147071 	 41.407951 

 179.985111 	 -26.448256 	 29.656349 	 12.857209 	 -82.586068 	 92.602911 	 40.147052 	 41.765022 

 180.985028 	 -26.674376 	 29.909896 	 12.967132 	 -82.586030 	 92.602868 	 40.147033 	 42.122093 

 181.984945 	 -26.900497 	 30.163442 	 13.077054 	 -82.585992 	 92.602825 	 40.147015 	 42.479164 

 182.984873 	 -27.126617 	 30.416989 	 13.186977 	 -82.585955 	 92.602783 	 40.146997 	 42.836234 

 183.984790 	 -27.352738 	 30.670535 	 13.296899 	 -82.585918 	 92.602742 	 40.146979 	 43.193304 

 184.984708 	 -27.578858 	 30.924082 	 13.406822 	 -82.585882 	 92.602702 	 40.146961 	 43.550374 

 185.984625 	 -27.804978 	 31.177628 	 13.516744 	 -82.585846 	 92.602662 	 40.146944 	 43.907444 

 186.984542 	 -28.031098 	 31.431174 	 13.626666 	 -82.585811 	 92.602623 	 40.146927 	 44.264514 

 187.984459 	 -28.257218 	 31.684720 	 13.736589 	 -82.585777 	 92.602584 	 40.146910 	 44.621583 

 188.984377 	 -28.483338 	 31.938266 	 13.846511 	 -82.585743 	 92.602546 	 40.146894 	 44.978653 

 189.984294 	 -28.709458 	 32.191811 	 13.956433 	 -82.585710 	 92.602509 	 40.146878 	 45.335722 

 190.984211 	 -28.935577 	 32.445357 	 14.066355 	 -82.585677 	 92.602472 	 40.146862 	 45.692791 

 191.984128 	 -29.161697 	 32.698903 	 14.176277 	 -82.585645 	 92.602436 	 40.146846 	 46.049860 

 192.984045 	 -29.387816 	 32.952448 	 14.286199 	 -82.585613 	 92.602400 	 40.146831 	 46.406929 

 193.983963 	 -29.613936 	 33.205993 	 14.396121 	 -82.585582 	 92.602365 	 40.146815 	 46.763998 

 194.983880 	 -29.840055 	 33.459539 	 14.506043 	 -82.585551 	 92.602331 	 40.146800 	 47.121067 

 195.983797 	 -30.066174 	 33.713084 	 14.615965 	 -82.585521 	 92.602297 	 40.146786 	 47.478135 

 196.983714 	 -30.292294 	 33.966629 	 14.725887 	 -82.585491 	 92.602263 	 40.146771 	 47.835203 

 197.983632 	 -30.518413 	 34.220174 	 14.835809 	 -82.585461 	 92.602230 	 40.146757 	 48.192272 

 198.983549 	 -30.744532 	 34.473719 	 14.945731 	 -82.585432 	 92.602198 	 40.146743 	 48.549340 

 199.983466 	 -30.970650 	 34.727264 	 15.055653 	 -82.585404 	 92.602165 	 40.146729 	 48.906408 

 200.983383 	 -31.196769 	 34.980808 	 15.165574 	 -82.585375 	 92.602134 	 40.146715 	 49.263475 

 201.983300 	 -31.422888 	 35.234353 	 15.275496 	 -82.585348 	 92.602103 	 40.146701 	 49.620543 

 202.983218 	 -31.649007 	 35.487898 	 15.385418 	 -82.585320 	 92.602072 	 40.146688 	 49.977611 

 203.983135 	 -31.875125 	 35.741442 	 15.495339 	 -82.585293 	 92.602042 	 40.146675 	 50.334678 

 204.983052 	 -32.101244 	 35.994986 	 15.605261 	 -82.585266 	 92.602012 	 40.146662 	 50.691746 

 205.982969 	 -32.327362 	 36.248531 	 15.715182 	 -82.585240 	 92.601982 	 40.146649 	 51.048813 

 206.982887 	 -32.553481 	 36.502075 	 15.825104 	 -82.585214 	 92.601953 	 40.146637 	 51.405880 

 207.982804 	 -32.779599 	 36.755619 	 15.935025 	 -82.585189 	 92.601925 	 40.146624 	 51.762947 

 208.982721 	 -33.005717 	 37.009163 	 16.044947 	 -82.585164 	 92.601896 	 40.146612 	 52.120014 

 209.982638 	 -33.231835 	 37.262707 	 16.154868 	 -82.585139 	 92.601869 	 40.146600 	 52.477081 

 210.982555 	 -33.457954 	 37.516251 	 16.264790 	 -82.585114 	 92.601841 	 40.146588 	 52.834147 

 211.982473 	 -33.684072 	 37.769795 	 16.374711 	 -82.585090 	 92.601814 	 40.146576 	 53.191214 

 212.982390 	 -33.910190 	 38.023339 	 16.484632 	 -82.585066 	 92.601787 	 40.146565 	 53.548280 

 213.982307 	 -34.136307 	 38.276882 	 16.594554 	 -82.585043 	 92.601761 	 40.146553 	 53.905347 

 214.982224 	 -34.362425 	 38.530426 	 16.704475 	 -82.585019 	 92.601735 	 40.146542 	 54.262413 

 215.982142 	 -34.588543 	 38.783969 	 16.814396 	 -82.584996 	 92.601709 	 40.146531 	 54.619479 

 216.982059 	 -34.814661 	 39.037513 	 16.924317 	 -82.584974 	 92.601684 	 40.146520 	 54.976545 

 217.981976 	 -35.040778 	 39.291056 	 17.034239 	 -82.584951 	 92.601658 	 40.146509 	 55.333611 

 218.981893 	 -35.266896 	 39.544600 	 17.144160 	 -82.584929 	 92.601634 	 40.146498 	 55.690677 

 219.981810 	 -35.493013 	 39.798143 	 17.254081 	 -82.584907 	 92.601609 	 40.146488 	 56.047743 

 220.981728 	 -35.719131 	 40.051686 	 17.364002 	 -82.584886 	 92.601585 	 40.146477 	 56.404809 

 221.981645 	 -35.945248 	 40.305229 	 17.473923 	 -82.584865 	 92.601561 	 40.146467 	 56.761874 

 222.981562 	 -36.171366 	 40.558772 	 17.583844 	 -82.584844 	 92.601538 	 40.146457 	 57.118940 

 223.981479 	 -36.397483 	 40.812315 	 17.693765 	 -82.584823 	 92.601515 	 40.146446 	 57.476005 

 224.981397 	 -36.623600 	 41.065858 	 17.803686 	 -82.584803 	 92.601492 	 40.146437 	 57.833070 

 225.981314 	 -36.849717 	 41.319401 	 17.913607 	 -82.584782 	 92.601469 	 40.146427 	 58.190136 

 226.981231 	 -37.075835 	 41.572944 	 18.023528 	 -82.584762 	 92.601447 	 40.146417 	 58.547201 

 227.981148 	 -37.301952 	 41.826487 	 18.133449 	 -82.584743 	 92.601424 	 40.146407 	 58.904266 

 228.981065 	 -37.528069 	 42.080029 	 18.243369 	 -82.584723 	 92.601403 	 40.146398 	 59.261331 

 229.980983 	 -37.754186 	 42.333572 	 18.353290 	 -82.584704 	 92.601381 	 40.146389 	 59.618396 

 230.980900 	 -37.980303 	 42.587115 	 18.463211 	 -82.584685 	 92.601360 	 40.146379 	 59.975461 

 231.980817 	 -38.206419 	 42.840657 	 18.573132 	 -82.584666 	 92.601339 	 40.146370 	 60.332525 

 232.980734 	 -38.432536 	 43.094200 	 18.683053 	 -82.584647 	 92.601318 	 40.146361 	 60.689590 

 233.980651 	 -38.658653 	 43.347742 	 18.792973 	 -82.584629 	 92.601297 	 40.146352 	 61.046654 

 234.980569 	 -38.884770 	 43.601284 	 18.902894 	 -82.584611 	 92.601277 	 40.146343 	 61.403719 

 235.980486 	 -39.110886 	 43.854827 	 19.012815 	 -82.584593 	 92.601257 	 40.146335 	 61.760783 

 236.980403 	 -39.337003 	 44.108369 	 19.122735 	 -82.584575 	 92.601237 	 40.146326 	 62.117848 

 237.980320 	 -39.563119 	 44.361911 	 19.232656 	 -82.584558 	 92.601217 	 40.146317 	 62.474912 

 238.980238 	 -39.789236 	 44.615453 	 19.342577 	 -82.584540 	 92.601198 	 40.146309 	 62.831976 

 239.980155 	 -40.015352 	 44.868995 	 19.452497 	 -82.584523 	 92.601178 	 40.146301 	 63.189040 

 240.980072 	 -40.241469 	 45.122537 	 19.562418 	 -82.584506 	 92.601159 	 40.146292 	 63.546104 

 241.979989 	 -40.467585 	 45.376079 	 19.672338 	 -82.584490 	 92.601141 	 40.146284 	 63.903168 

 242.979906 	 -40.693702 	 45.629621 	 19.782259 	 -82.584473 	 92.601122 	 40.146276 	 64.260232 

 243.979824 	 -40.919818 	 45.883163 	 19.892179 	 -82.584457 	 92.601104 	 40.146268 	 64.617296 

 244.979741 	 -41.145934 	 46.136705 	 20.002100 	 -82.584440 	 92.601085 	 40.146260 	 64.974360 

 245.979658 	 -41.372050 	 46.390246 	 20.112020 	 -82.584424 	 92.601067 	 40.146253 	 65.331423 

 246.979575 	 -41.598166 	 46.643788 	 20.221941 	 -82.584408 	 92.601050 	 40.146245 	 65.688487 

 247.979493 	 -41.824283 	 46.897330 	 20.331861 	 -82.584393 	 92.601032 	 40.146237 	 66.045550 

 248.979410 	 -42.050399 	 47.150871 	 20.441782 	 -82.584377 	 92.601015 	 40.146230 	 66.402614 

 249.979327 	 -42.276515 	 47.404413 	 20.551702 	 -82.584362 	 92.600997 	 40.146222 	 66.759677 

 250.979244 	 -42.502631 	 47.657955 	 20.661622 	 -82.584347 	 92.600980 	 40.146215 	 67.116741 

 251.979161 	 -42.728746 	 47.911496 	 20.771543 	 -82.584332 	 92.600964 	 40.146208 	 67.473804 

 252.979079 	 -42.954862 	 48.165037 	 20.881463 	 -82.584317 	 92.600947 	 40.146200 	 67.830867 

 253.978996 	 -43.180978 	 48.418579 	 20.991383 	 -82.584302 	 92.600930 	 40.146193 	 68.187930 

 254.978913 	 -43.407094 	 48.672120 	 21.101304 	 -82.584287 	 92.600914 	 40.146186 	 68.544993 

 255.978830 	 -43.633210 	 48.925661 	 21.211224 	 -82.584273 	 92.600898 	 40.146179 	 68.902056 

 256.978748 	 -43.859326 	 49.179203 	 21.321144 	 -82.584259 	 92.600882 	 40.146172 	 69.259119 

 257.978665 	 -44.085441 	 49.432744 	 21.431064 	 -82.584245 	 92.600866 	 40.146165 	 69.616182 

 258.978582 	 -44.311557 	 49.686285 	 21.540984 	 -82.584231 	 92.600850 	 40.146159 	 69.973245 

 259.978499 	 -44.537672 	 49.939826 	 21.650905 	 -82.584217 	 92.600835 	 40.146152 	 70.330308 

 260.978416 	 -44.763788 	 50.193367 	 21.760825 	 -82.584203 	 92.600820 	 40.146145 	 70.687370 

 261.978334 	 -44.989904 	 50.446908 	 21.870745 	 -82.584190 	 92.600804 	 40.146139 	 71.044433 

 262.978251 	 -45.216019 	 50.700449 	 21.980665 	 -82.584176 	 92.600789 	 40.146132 	 71.401496 

 263.978168 	 -45.442135 	 50.953990 	 22.090585 	 -82.584163 	 92.600774 	 40.146126 	 71.758558 

 264.978085 	 -45.668250 	 51.207531 	 22.200505 	 -82.584150 	 92.600760 	 40.146119 	 72.115621 

 265.978003 	 -45.894365 	 51.461072 	 22.310425 	 -82.584137 	 92.600745 	 40.146113 	 72.472683 

 266.977920 	 -46.120481 	 51.714613 	 22.420345 	 -82.584124 	 92.600730 	 40.146107 	 72.829745 

 267.977837 	 -46.346596 	 51.968154 	 22.530265 	 -82.584111 	 92.600716 	 40.146100 	 73.186808 

 268.977754 	 -46.572711 	 52.221694 	 22.640185 	 -82.584098 	 92.600702 	 40.146094 	 73.543870 

 269.977671 	 -46.798827 	 52.475235 	 22.750105 	 -82.584086 	 92.600688 	 40.146088 	 73.900932 

 270.977589 	 -47.024942 	 52.728776 	 22.860025 	 -82.584073 	 92.600674 	 40.146082 	 74.257994 

 271.977506 	 -47.251057 	 52.982316 	 22.969945 	 -82.584061 	 92.600660 	 40.146076 	 74.615056 

 272.977423 	 -47.477172 	 53.235857 	 23.079865 	 -82.584049 	 92.600647 	 40.146070 	 74.972118 

 273.977340 	 -47.703287 	 53.489398 	 23.189785 	 -82.584037 	 92.600633 	 40.146064 	 75.329180 

 274.977258 	 -47.929402 	 53.742938 	 23.299705 	 -82.584025 	 92.600620 	 40.146058 	 75.686242 

 275.977175 	 -48.155517 	 53.996479 	 23.409625 	 -82.584013 	 92.600606 	 40.146053 	 76.043304 

 276.977092 	 -48.381632 	 54.250019 	 23.519545 	 -82.584001 	 92.600593 	 40.146047 	 76.400366 

 277.977009 	 -48.607747 	 54.503559 	 23.629465 	 -82.583990 	 92.600580 	 40.146041 	 76.757428 

 278.976926 	 -48.833862 	 54.757100 	 23.739385 	 -82.583978 	 92.600567 	 40.146036 	 77.114489 

 279.976844 	 -49.059977 	 55.010640 	 23.849305 	 -82.583967 	 92.600554 	 40.146030 	 77.471551 

 280.976761 	 -49.286092 	 55.264180 	 23.959224 	 -82.583956 	 92.600542 	 40.146025 	 77.828613 

 281.976678 	 -49.512207 	 55.517721 	 24.069144 	 -82.583944 	 92.600529 	 40.146019 	 78.185674 

 282.976595 	 -49.738322 	 55.771261 	 24.179064 	 -82.583933 	 92.600517 	 40.146014 	 78.542736 

 283.976513 	 -49.964437 	 56.024801 	 24.288984 	 -82.583922 	 92.600504 	 40.146009 	 78.899797 

 284.976430 	 -50.190551 	 56.278341 	 24.398904 	 -82.583911 	 92.600492 	 40.146003 	 79.256859 

 285.976347 	 -50.416666 	 56.531882 	 24.508823 	 -82.583901 	 92.600480 	 40.145998 	 79.613920 

 286.976264 	 -50.642781 	 56.785422 	 24.618743 	 -82.583890 	 92.600468 	 40.145993 	 79.970981 

 287.976181 	 -50.868896 	 57.038962 	 24.728663 	 -82.583879 	 92.600456 	 40.145988 	 80.328043 

 288.976099 	 -51.095010 	 57.292502 	 24.838582 	 -82.583869 	 92.600444 	 40.145983 	 80.685104 

 289.976016 	 -51.321125 	 57.546042 	 24.948502 	 -82.583858 	 92.600433 	 40.145977 	 81.042165 

 290.975933 	 -51.547239 	 57.799582 	 25.058422 	 -82.583848 	 92.600421 	 40.145972 	 81.399226 

 291.975850 	 -51.773354 	 58.053122 	 25.168341 	 -82.583838 	 92.600410 	 40.145967 	 81.756287 

 292.975768 	 -51.999469 	 58.306662 	 25.278261 	 -82.583828 	 92.600398 	 40.145963 	 82.113348 

 293.975685 	 -52.225583 	 58.560201 	 25.388181 	 -82.583817 	 92.600387 	 40.145958 	 82.470410 

 294.975602 	 -52.451698 	 58.813741 	 25.498100 	 -82.583808 	 92.600376 	 40.145953 	 82.827470 

 295.975519 	 -52.677812 	 59.067281 	 25.608020 	 -82.583798 	 92.600365 	 40.145948 	 83.184531 

 296.975436 	 -52.903926 	 59.320821 	 25.717940 	 -82.583788 	 92.600354 	 40.145943 	 83.541592 

 297.975354 	 -53.130041 	 59.574361 	 25.827859 	 -82.583778 	 92.600343 	 40.145938 	 83.898653 

 298.975271 	 -53.356155 	 59.827900 	 25.937779 	 -82.583768 	 92.600332 	 40.145934 	 84.255714 

 299.975188 	 -53.582270 	 60.081440 	 26.047698 	 -82.583759 	 92.600321 	 40.145929 	 84.612775 

 300.975105 	 -53.808384 	 60.334980 	 26.157618 	 -82.583749 	 92.600311 	 40.145925 	 84.969835 

 301.975023 	 -54.034498 	 60.588519 	 26.267537 	 -82.583740 	 92.600300 	 40.145920 	 85.326896 

 302.974940 	 -54.260612 	 60.842059 	 26.377457 	 -82.583731 	 92.600290 	 40.145915 	 85.683957 

 303.974857 	 -54.486727 	 61.095599 	 26.487376 	 -82.583721 	 92.600279 	 40.145911 	 86.041017 

 304.974774 	 -54.712841 	 61.349138 	 26.597296 	 -82.583712 	 92.600269 	 40.145906 	 86.398078 

 305.974691 	 -54.938955 	 61.602678 	 26.707215 	 -82.583703 	 92.600259 	 40.145902 	 86.755138 

 306.974609 	 -55.165069 	 61.856217 	 26.817135 	 -82.583694 	 92.600249 	 40.145898 	 87.112199 

 307.974526 	 -55.391183 	 62.109757 	 26.927054 	 -82.583685 	 92.600239 	 40.145893 	 87.469259 

 308.974443 	 -55.617298 	 62.363296 	 27.036974 	 -82.583676 	 92.600229 	 40.145889 	 87.826320 

 309.974360 	 -55.843412 	 62.616836 	 27.146893 	 -82.583668 	 92.600219 	 40.145885 	 88.183380 

 310.974278 	 -56.069526 	 62.870375 	 27.256813 	 -82.583659 	 92.600209 	 40.145880 	 88.540440 

 311.974195 	 -56.295640 	 63.123914 	 27.366732 	 -82.583650 	 92.600199 	 40.145876 	 88.897501 

 312.974112 	 -56.521754 	 63.377454 	 27.476652 	 -82.583642 	 92.600190 	 40.145872 	 89.254561 

 313.974029 	 -56.747868 	 63.630993 	 27.586571 	 -82.583633 	 92.600180 	 40.145868 	 89.611621 

 314.973946 	 -56.973982 	 63.884532 	 27.696490 	 -82.583625 	 92.600171 	 40.145864 	 89.968681 

 315.973864 	 -57.200096 	 64.138071 	 27.806410 	 -82.583616 	 92.600161 	 40.145860 	 90.325742 

 316.973781 	 -57.426210 	 64.391611 	 27.916329 	 -82.583608 	 92.600152 	 40.145856 	 90.682802 

 317.973698 	 -57.652324 	 64.645150 	 28.026248 	 -82.583600 	 92.600143 	 40.145852 	 91.039862 

 318.973615 	 -57.878437 	 64.898689 	 28.136168 	 -82.583591 	 92.600134 	 40.145848 	 91.396922 

 319.973533 	 -58.104551 	 65.152228 	 28.246087 	 -82.583583 	 92.600124 	 40.145844 	 91.753982 

 320.973450 	 -58.330665 	 65.405767 	 28.356006 	 -82.583575 	 92.600115 	 40.145840 	 92.111042 

 321.973367 	 -58.556779 	 65.659306 	 28.465926 	 -82.583567 	 92.600106 	 40.145836 	 92.468102 

 322.973284 	 -58.782893 	 65.912846 	 28.575845 	 -82.583559 	 92.600097 	 40.145832 	 92.825162 

 323.973201 	 -59.009007 	 66.166385 	 28.685764 	 -82.583551 	 92.600089 	 40.145828 	 93.182221 

 324.973119 	 -59.235120 	 66.419924 	 28.795684 	 -82.583544 	 92.600080 	 40.145824 	 93.539281 

 325.973036 	 -59.461234 	 66.673463 	 28.905603 	 -82.583536 	 92.600071 	 40.145821 	 93.896341 

 326.972953 	 -59.687348 	 66.927002 	 29.015522 	 -82.583528 	 92.600063 	 40.145817 	 94.253401 

 327.972870 	 -59.913461 	 67.180541 	 29.125441 	 -82.583520 	 92.600054 	 40.145813 	 94.610460 

 328.972787 	 -60.139575 	 67.434080 	 29.235361 	 -82.583513 	 92.600045 	 40.145810 	 94.967520 

 329.972705 	 -60.365689 	 67.687618 	 29.345280 	 -82.583505 	 92.600037 	 40.145806 	 95.324580 

 330.972622 	 -60.591802 	 67.941157 	 29.455199 	 -82.583498 	 92.600029 	 40.145802 	 95.681639 

 331.972539 	 -60.817916 	 68.194696 	 29.565118 	 -82.583490 	 92.600020 	 40.145799 	 96.038699 

 332.972456 	 -61.044030 	 68.448235 	 29.675037 	 -82.583483 	 92.600012 	 40.145795 	 96.395759 

 333.972374 	 -61.270143 	 68.701774 	 29.784957 	 -82.583476 	 92.600004 	 40.145791 	 96.752818 

 334.972291 	 -61.496257 	 68.955313 	 29.894876 	 -82.583468 	 92.599996 	 40.145788 	 97.109878 

 335.972208 	 -61.722370 	 69.208851 	 30.004795 	 -82.583461 	 92.599988 	 40.145784 	 97.466937 

 336.972125 	 -61.948484 	 69.462390 	 30.114714 	 -82.583454 	 92.599980 	 40.145781 	 97.823997 

 337.972042 	 -62.174597 	 69.715929 	 30.224633 	 -82.583447 	 92.599972 	 40.145778 	 98.181056 

 338.971960 	 -62.400711 	 69.969468 	 30.334552 	 -82.583440 	 92.599964 	 40.145774 	 98.538115 

 339.971877 	 -62.626824 	 70.223006 	 30.444471 	 -82.583433 	 92.599956 	 40.145771 	 98.895175 

 340.971794 	 -62.852938 	 70.476545 	 30.554391 	 -82.583426 	 92.599948 	 40.145767 	 99.252234 

 341.971711 	 -63.079051 	 70.730084 	 30.664310 	 -82.583419 	 92.599940 	 40.145764 	 99.609293 

 342.971629 	 -63.305164 	 70.983622 	 30.774229 	 -82.583412 	 92.599933 	 40.145761 	 99.966352 

 343.971546 	 -63.531278 	 71.237161 	 30.884148 	 -82.583405 	 92.599925 	 40.145757 	 100.323412 

 344.971463 	 -63.757391 	 71.490699 	 30.994067 	 -82.583399 	 92.599917 	 40.145754 	 100.680471 

 345.971380 	 -63.983504 	 71.744238 	 31.103986 	 -82.583392 	 92.599910 	 40.145751 	 101.037530 

 346.971297 	 -64.209618 	 71.997777 	 31.213905 	 -82.583385 	 92.599902 	 40.145748 	 101.394589 

 347.971215 	 -64.435731 	 72.251315 	 31.323824 	 -82.583379 	 92.599895 	 40.145744 	 101.751648 

 348.971132 	 -64.661844 	 72.504854 	 31.433743 	 -82.583372 	 92.599888 	 40.145741 	 102.108707 

 349.971049 	 -64.887958 	 72.758392 	 31.543662 	 -82.583366 	 92.599880 	 40.145738 	 102.465766 

 350.970966 	 -65.114071 	 73.011931 	 31.653581 	 -82.583359 	 92.599873 	 40.145735 	 102.822825 

 351.970884 	 -65.340184 	 73.265469 	 31.763500 	 -82.583353 	 92.599866 	 40.145732 	 103.179884 

 352.970801 	 -65.566297 	 73.519007 	 31.873419 	 -82.583346 	 92.599859 	 40.145729 	 103.536943 

 353.970718 	 -65.792411 	 73.772546 	 31.983338 	 -82.583340 	 92.599852 	 40.145726 	 103.894002 

 354.970635 	 -66.018524 	 74.026084 	 32.093257 	 -82.583334 	 92.599845 	 40.145722 	 104.251061 

 355.970552 	 -66.244637 	 74.279623 	 32.203176 	 -82.583327 	 92.599838 	 40.145719 	 104.608120 

 356.970470 	 -66.470750 	 74.533161 	 32.313095 	 -82.583321 	 92.599831 	 40.145716 	 104.965179 

 357.970387 	 -66.696863 	 74.786699 	 32.423014 	 -82.583315 	 92.599824 	 40.145713 	 105.322238 

 358.970304 	 -66.922976 	 75.040238 	 32.532933 	 -82.583309 	 92.599817 	 40.145710 	 105.679297 

 359.970221 	 -67.149089 	 75.293776 	 32.642852 	 -82.583303 	 92.599810 	 40.145707 	 106.036355 

 360.970139 	 -67.375202 	 75.547314 	 32.752771 	 -82.583297 	 92.599803 	 40.145705 	 106.393414 

 361.970056 	 -67.601315 	 75.800852 	 32.862690 	 -82.583291 	 92.599796 	 40.145702 	 106.750473 

 362.969973 	 -67.827429 	 76.054391 	 32.972609 	 -82.583285 	 92.599790 	 40.145699 	 107.107532 

 363.969890 	 -68.053542 	 76.307929 	 33.082528 	 -82.583279 	 92.599783 	 40.145696 	 107.464590 

 364.969807 	 -68.279655 	 76.561467 	 33.192447 	 -82.583273 	 92.599777 	 40.145693 	 107.821649 

 365.969746 	 -68.505768 	 76.815005 	 33.302366 	 -82.583267 	 92.599770 	 40.145690 	 108.178708 
