  año		   x		  y		  z		 vx		 vy		  vz		r 

 0.000000 	 0.073106 	 -0.396312 	 -0.219279 	 8.064517 	 2.215858 	 0.347360 	 0.458792 

 0.999918 	 0.095186 	 -0.390245 	 -0.218327 	 7.956848 	 2.657280 	 0.594319 	 0.457185 

 1.999835 	 0.116972 	 -0.382969 	 -0.216700 	 7.822894 	 3.095847 	 0.842479 	 0.455310 

 2.999753 	 0.138391 	 -0.374493 	 -0.214394 	 7.662154 	 3.530816 	 1.091495 	 0.453168 

 3.999670 	 0.159370 	 -0.364825 	 -0.211405 	 7.474070 	 3.961372 	 1.340988 	 0.450764 

 4.999588 	 0.179834 	 -0.353979 	 -0.207733 	 7.258028 	 4.386620 	 1.590546 	 0.448101 

 5.999505 	 0.199707 	 -0.341968 	 -0.203378 	 7.013364 	 4.805571 	 1.839708 	 0.445183 

 6.999423 	 0.218909 	 -0.328811 	 -0.198341 	 6.739366 	 5.217126 	 2.087962 	 0.442015 

 7.999340 	 0.237362 	 -0.314526 	 -0.192624 	 6.435283 	 5.620065 	 2.334732 	 0.438602 

 8.999258 	 0.254982 	 -0.299139 	 -0.186232 	 6.100331 	 6.013023 	 2.579373 	 0.434950 

 9.999175 	 0.271684 	 -0.282675 	 -0.179170 	 5.733707 	 6.394479 	 2.821153 	 0.431068 

 10.999092 	 0.287383 	 -0.265167 	 -0.171445 	 5.334600 	 6.762732 	 3.059250 	 0.426961 

 11.999009 	 0.301989 	 -0.246651 	 -0.163069 	 4.902217 	 7.115882 	 3.292730 	 0.422641 

 12.998927 	 0.315412 	 -0.227167 	 -0.154054 	 4.435797 	 7.451809 	 3.520539 	 0.418117 

 13.998844 	 0.327557 	 -0.206764 	 -0.144414 	 3.934650 	 7.768149 	 3.741486 	 0.413401 

 14.998761 	 0.338330 	 -0.185495 	 -0.134170 	 3.398189 	 8.062273 	 3.954229 	 0.408506 

 15.998678 	 0.347634 	 -0.163420 	 -0.123344 	 2.825977 	 8.331265 	 4.157254 	 0.403447 

 16.998595 	 0.355372 	 -0.140609 	 -0.111961 	 2.217786 	 8.571908 	 4.348867 	 0.398240 

 17.998513 	 0.361444 	 -0.117140 	 -0.100054 	 1.573658 	 8.780662 	 4.527172 	 0.392905 

 18.998430 	 0.365753 	 -0.093098 	 -0.087658 	 0.893991 	 8.953663 	 4.690065 	 0.387461 

 19.998347 	 0.368200 	 -0.068583 	 -0.074817 	 0.179633 	 9.086723 	 4.835220 	 0.381933 

 20.998264 	 0.368692 	 -0.043704 	 -0.061578 	 -0.568016 	 9.175347 	 4.960091 	 0.376345 

 21.998182 	 0.367137 	 -0.018581 	 -0.047997 	 -1.346874 	 9.214767 	 5.061914 	 0.370727 

 22.998099 	 0.363449 	 0.006649 	 -0.034138 	 -2.154048 	 9.200001 	 5.137730 	 0.365109 

 23.998016 	 0.357551 	 0.031838 	 -0.020071 	 -2.985693 	 9.125947 	 5.184414 	 0.359527 

 24.997933 	 0.349377 	 0.056825 	 -0.005876 	 -3.836864 	 8.987507 	 5.198729 	 0.354016 

 25.997850 	 0.338871 	 0.081433 	 0.008358 	 -4.701386 	 8.779757 	 5.177406 	 0.348619 

 26.997768 	 0.325999 	 0.105472 	 0.022534 	 -5.571744 	 8.498166 	 5.117244 	 0.343376 

 27.997685 	 0.310743 	 0.128740 	 0.036545 	 -6.439010 	 8.138862 	 5.015249 	 0.338336 

 28.997602 	 0.293113 	 0.151024 	 0.050277 	 -7.292837 	 7.698935 	 4.868795 	 0.333544 

 29.997519 	 0.273146 	 0.172104 	 0.063608 	 -8.121543 	 7.176784 	 4.675814 	 0.329050 

 30.997437 	 0.250909 	 0.191754 	 0.076410 	 -8.912295 	 6.572463 	 4.435004 	 0.324905 

 31.997354 	 0.226507 	 0.209749 	 0.088553 	 -9.651429 	 5.888013 	 4.146040 	 0.321157 

 32.997271 	 0.200081 	 0.225870 	 0.099905 	 -10.324899 	 5.127738 	 3.809763 	 0.317854 

 33.997188 	 0.171812 	 0.239910 	 0.110336 	 -10.918847 	 4.298375 	 3.428335 	 0.315040 

 34.997105 	 0.141916 	 0.251679 	 0.119723 	 -11.420276 	 3.409123 	 3.005321 	 0.312756 

 35.997023 	 0.110647 	 0.261013 	 0.127951 	 -11.817751 	 2.471494 	 2.545686 	 0.311034 

 36.996940 	 0.078290 	 0.267780 	 0.134921 	 -12.102083 	 1.498976 	 2.055682 	 0.309902 

 37.996857 	 0.045155 	 0.271884 	 0.140550 	 -12.266911 	 0.506519 	 1.542635 	 0.309377 

 38.996774 	 0.011568 	 0.273271 	 0.144774 	 -12.309101 	 -0.490125 	 1.014633 	 0.309468 

 39.996692 	 -0.022134 	 0.271929 	 0.147552 	 -12.228924 	 -1.475132 	 0.480158 	 0.310173 

 40.996609 	 -0.055617 	 0.267890 	 0.148866 	 -12.029989 	 -2.433341 	 -0.052317 	 0.311480 

 41.996526 	 -0.088555 	 0.261228 	 0.148723 	 -11.718935 	 -3.350916 	 -0.574713 	 0.313370 

 42.996443 	 -0.120642 	 0.252053 	 0.147149 	 -11.304937 	 -4.215870 	 -1.079676 	 0.315814 

 43.996360 	 -0.151595 	 0.240510 	 0.144193 	 -10.799086 	 -5.018421 	 -1.560830 	 0.318775 

 44.996278 	 -0.181162 	 0.226770 	 0.139920 	 -10.213719 	 -5.751152 	 -2.012935 	 0.322214 

 45.996198 	 -0.209128 	 0.211023 	 0.134408 	 -9.561766 	 -6.409015 	 -2.431952 	 0.326084 

 46.996115 	 -0.235308 	 0.193475 	 0.127750 	 -8.856165 	 -6.989175 	 -2.815026 	 0.330337 

 47.996032 	 -0.259556 	 0.174339 	 0.120042 	 -8.109391 	 -7.490769 	 -3.160401 	 0.334923 

 48.995949 	 -0.281759 	 0.153829 	 0.111389 	 -7.333093 	 -7.914595 	 -3.467298 	 0.339793 

 49.995866 	 -0.301837 	 0.132159 	 0.101895 	 -6.537859 	 -8.262787 	 -3.735756 	 0.344898 

 50.995784 	 -0.319738 	 0.109535 	 0.091667 	 -5.733083 	 -8.538486 	 -3.966481 	 0.350190 

 51.995701 	 -0.335435 	 0.086157 	 0.080807 	 -4.926920 	 -8.745550 	 -4.160686 	 0.355626 

 52.995618 	 -0.348925 	 0.062212 	 0.069415 	 -4.126309 	 -8.888295 	 -4.319959 	 0.361161 

 53.995535 	 -0.360223 	 0.037876 	 0.057587 	 -3.337038 	 -8.971283 	 -4.446135 	 0.366758 

 54.995453 	 -0.369360 	 0.013312 	 0.045413 	 -2.563848 	 -8.999149 	 -4.541200 	 0.372379 

 55.995370 	 -0.376380 	 -0.011327 	 0.032979 	 -1.810539 	 -8.976478 	 -4.607207 	 0.377992 

 56.995287 	 -0.381337 	 -0.035905 	 0.020365 	 -1.080095 	 -8.907702 	 -4.646216 	 0.383565 

 57.995204 	 -0.384294 	 -0.060294 	 0.007644 	 -0.374798 	 -8.797044 	 -4.660244 	 0.389071 

 58.995121 	 -0.385320 	 -0.084381 	 -0.005116 	 0.303663 	 -8.648469 	 -4.651235 	 0.394485 

 59.995039 	 -0.384489 	 -0.108060 	 -0.017851 	 0.954092 	 -8.465666 	 -4.621037 	 0.399784 

 60.994956 	 -0.381877 	 -0.131239 	 -0.030504 	 1.575697 	 -8.252040 	 -4.571384 	 0.404949 

 61.994873 	 -0.377562 	 -0.153833 	 -0.043020 	 2.168010 	 -8.010709 	 -4.503895 	 0.409962 

 62.994790 	 -0.371626 	 -0.175767 	 -0.055352 	 2.730824 	 -7.744517 	 -4.420067 	 0.414806 

 63.994708 	 -0.364149 	 -0.196971 	 -0.067454 	 3.264134 	 -7.456046 	 -4.321278 	 0.419467 

 64.994625 	 -0.355212 	 -0.217386 	 -0.079286 	 3.768089 	 -7.147631 	 -4.208792 	 0.423932 

 65.994542 	 -0.344895 	 -0.236956 	 -0.090809 	 4.242953 	 -6.821382 	 -4.083763 	 0.428191 

 66.994459 	 -0.333278 	 -0.255633 	 -0.101991 	 4.689071 	 -6.479198 	 -3.947241 	 0.432232 

 67.994376 	 -0.320439 	 -0.273373 	 -0.112798 	 5.106841 	 -6.122791 	 -3.800181 	 0.436048 

 68.994294 	 -0.306457 	 -0.290137 	 -0.123203 	 5.496694 	 -5.753698 	 -3.643451 	 0.439630 

 69.994211 	 -0.291407 	 -0.305891 	 -0.133179 	 5.859075 	 -5.373305 	 -3.477835 	 0.442971 

 70.994128 	 -0.275365 	 -0.320603 	 -0.142701 	 6.194428 	 -4.982859 	 -3.304047 	 0.446067 

 71.994045 	 -0.258404 	 -0.334246 	 -0.151748 	 6.503183 	 -4.583484 	 -3.122731 	 0.448910 

 72.993963 	 -0.240599 	 -0.346796 	 -0.160298 	 6.785749 	 -4.176198 	 -2.934473 	 0.451498 

 73.993880 	 -0.222019 	 -0.358230 	 -0.168332 	 7.042504 	 -3.761921 	 -2.739804 	 0.453825 

 74.993797 	 -0.202737 	 -0.368530 	 -0.175834 	 7.273791 	 -3.341494 	 -2.539209 	 0.455888 

 75.993714 	 -0.182821 	 -0.377679 	 -0.182786 	 7.479910 	 -2.915685 	 -2.333129 	 0.457685 

 76.993631 	 -0.162341 	 -0.385662 	 -0.189174 	 7.661118 	 -2.485201 	 -2.121969 	 0.459213 

 77.993549 	 -0.141365 	 -0.392467 	 -0.194984 	 7.817624 	 -2.050700 	 -1.906102 	 0.460470 

 78.993466 	 -0.119960 	 -0.398082 	 -0.200203 	 7.949584 	 -1.612798 	 -1.685872 	 0.461455 

 79.993383 	 -0.098194 	 -0.402497 	 -0.204819 	 8.057104 	 -1.172078 	 -1.461602 	 0.462166 

 80.993300 	 -0.076134 	 -0.405707 	 -0.208821 	 8.140232 	 -0.729099 	 -1.233597 	 0.462602 

 81.993218 	 -0.053846 	 -0.407703 	 -0.212198 	 8.198964 	 -0.284404 	 -1.002145 	 0.462763 

 82.993135 	 -0.031397 	 -0.408481 	 -0.214942 	 8.233236 	 0.161472 	 -0.767526 	 0.462648 

 83.993052 	 -0.008855 	 -0.408039 	 -0.217044 	 8.242926 	 0.607992 	 -0.530013 	 0.462258 

 84.992969 	 0.013714 	 -0.406375 	 -0.218495 	 8.227853 	 1.054615 	 -0.289878 	 0.461593 

 85.992886 	 0.036242 	 -0.403487 	 -0.219289 	 8.187777 	 1.500780 	 -0.047395 	 0.460655 

 86.992804 	 0.058660 	 -0.399378 	 -0.219418 	 8.122398 	 1.945904 	 0.197157 	 0.459443 

 87.992721 	 0.080899 	 -0.394050 	 -0.218879 	 8.031353 	 2.389370 	 0.443484 	 0.457961 

 88.992638 	 0.102889 	 -0.387508 	 -0.217664 	 7.914222 	 2.830516 	 0.691277 	 0.456209 

 89.992555 	 0.124558 	 -0.379758 	 -0.215772 	 7.770523 	 3.268631 	 0.940206 	 0.454190 

 90.992473 	 0.145834 	 -0.370809 	 -0.213197 	 7.599716 	 3.702938 	 1.189911 	 0.451907 

 91.992395 	 0.166642 	 -0.360670 	 -0.209939 	 7.401204 	 4.132584 	 1.440001 	 0.449363 

 92.992312 	 0.186907 	 -0.349355 	 -0.205997 	 7.174337 	 4.556632 	 1.690040 	 0.446562 

 93.992230 	 0.206550 	 -0.336879 	 -0.201369 	 6.918412 	 4.974040 	 1.939546 	 0.443509 

 94.992147 	 0.225493 	 -0.323260 	 -0.196059 	 6.632685 	 5.383651 	 2.187977 	 0.440208 

 95.992064 	 0.243653 	 -0.308520 	 -0.190068 	 6.316371 	 5.784175 	 2.434726 	 0.436666 

 96.991981 	 0.260947 	 -0.292682 	 -0.183402 	 5.968662 	 6.174172 	 2.679108 	 0.432889 

 97.991899 	 0.277289 	 -0.275778 	 -0.176067 	 5.588731 	 6.552031 	 2.920347 	 0.428885 

 98.991816 	 0.292591 	 -0.257838 	 -0.168071 	 5.175755 	 6.915955 	 3.157569 	 0.424662 

 99.991733 	 0.306762 	 -0.238902 	 -0.159425 	 4.728936 	 7.263931 	 3.389782 	 0.420231 

 100.991650 	 0.319710 	 -0.219014 	 -0.150144 	 4.247523 	 7.593717 	 3.615866 	 0.415602 

 101.991567 	 0.331340 	 -0.198222 	 -0.140244 	 3.730851 	 7.902813 	 3.834553 	 0.410788 

 102.991485 	 0.341555 	 -0.176584 	 -0.129745 	 3.178379 	 8.188441 	 4.044418 	 0.405802 

 103.991402 	 0.350257 	 -0.154164 	 -0.118671 	 2.589742 	 8.447527 	 4.243855 	 0.400662 

 104.991319 	 0.357348 	 -0.131035 	 -0.107051 	 1.964814 	 8.676679 	 4.431066 	 0.395383 

 105.991236 	 0.362728 	 -0.107278 	 -0.094919 	 1.303779 	 8.872183 	 4.604046 	 0.389987 

 106.991154 	 0.366298 	 -0.082986 	 -0.082313 	 0.607223 	 9.029990 	 4.760574 	 0.384495 

 107.991071 	 0.367960 	 -0.058262 	 -0.069279 	 -0.123771 	 9.145734 	 4.898205 	 0.378931 

 108.990988 	 0.367621 	 -0.033221 	 -0.055868 	 -0.887499 	 9.214750 	 5.014269 	 0.373323 

 109.990905 	 0.365191 	 -0.007991 	 -0.042139 	 -1.681513 	 9.232124 	 5.105888 	 0.367701 

 110.990822 	 0.360587 	 0.017287 	 -0.028159 	 -2.502480 	 9.192767 	 5.169998 	 0.362098 

 111.990740 	 0.353736 	 0.042456 	 -0.014003 	 -3.346033 	 9.091521 	 5.203391 	 0.356549 

 112.990657 	 0.344574 	 0.067349 	 0.000244 	 -4.206639 	 8.923310 	 5.202782 	 0.351094 

 113.990574 	 0.333056 	 0.091781 	 0.014489 	 -5.077464 	 8.683335 	 5.164899 	 0.345775 

 114.990491 	 0.319154 	 0.115556 	 0.028630 	 -5.950285 	 8.367313 	 5.086601 	 0.340635 

 115.990409 	 0.302862 	 0.138466 	 0.042558 	 -6.815447 	 7.971769 	 4.965030 	 0.335722 

 116.990326 	 0.284202 	 0.160292 	 0.056152 	 -7.661897 	 7.494364 	 4.797790 	 0.331085 

 117.990243 	 0.263223 	 0.180812 	 0.069288 	 -8.477315 	 6.934241 	 4.583148 	 0.326773 

 118.990160 	 0.240012 	 0.199798 	 0.081837 	 -9.248370 	 6.292378 	 4.320243 	 0.322835 

 119.990077 	 0.214690 	 0.217026 	 0.093666 	 -9.961099 	 5.571894 	 4.009292 	 0.319321 

 120.989995 	 0.187417 	 0.232282 	 0.104643 	 -10.601429 	 4.778276 	 3.651767 	 0.316276 

 121.989912 	 0.158390 	 0.245365 	 0.114642 	 -11.155802 	 3.919487 	 3.250516 	 0.313742 

 122.989829 	 0.127846 	 0.256097 	 0.123542 	 -11.611870 	 3.005905 	 2.809803 	 0.311757 

 123.989746 	 0.096052 	 0.264327 	 0.131235 	 -11.959202 	 2.050082 	 2.335249 	 0.310350 

 124.989664 	 0.063308 	 0.269940 	 0.137629 	 -12.189923 	 1.066308 	 1.833673 	 0.309544 

 125.989581 	 0.029932 	 0.272860 	 0.142649 	 -12.299213 	 0.070022 	 1.312821 	 0.309350 

 126.989498 	 -0.003743 	 0.273051 	 0.146244 	 -12.285601 	 -0.922897 	 0.781023 	 0.309771 

 127.989415 	 -0.037381 	 0.270524 	 0.148382 	 -12.151017 	 -1.896869 	 0.246801 	 0.310802 

 128.989332 	 -0.070651 	 0.265331 	 0.149058 	 -11.900599 	 -2.837324 	 -0.281529 	 0.312426 

 129.989250 	 -0.103234 	 0.257562 	 0.148287 	 -11.542284 	 -3.731294 	 -0.796218 	 0.314618 

 130.989167 	 -0.134837 	 0.247346 	 0.146107 	 -11.086242 	 -4.567858 	 -1.290376 	 0.317346 

 131.989084 	 -0.165191 	 0.234839 	 0.142574 	 -10.544225 	 -5.338399 	 -1.758182 	 0.320570 

 132.989001 	 -0.194061 	 0.220223 	 0.137760 	 -9.928897 	 -6.036680 	 -2.194991 	 0.324246 

 133.988919 	 -0.221247 	 0.203694 	 0.131750 	 -9.253212 	 -6.658759 	 -2.597354 	 0.328328 

 134.988836 	 -0.246582 	 0.185463 	 0.124639 	 -8.529886 	 -7.202797 	 -2.962971 	 0.332767 

 135.988753 	 -0.269937 	 0.165741 	 0.116526 	 -7.770981 	 -7.668764 	 -3.290574 	 0.337512 

 136.988670 	 -0.291214 	 0.144744 	 0.107517 	 -6.987609 	 -8.058130 	 -3.579796 	 0.342514 

 137.988587 	 -0.310346 	 0.122681 	 0.097715 	 -6.189748 	 -8.373527 	 -3.831009 	 0.347726 

 138.988505 	 -0.327293 	 0.099754 	 0.087226 	 -5.386159 	 -8.618450 	 -4.045171 	 0.353101 

 139.988422 	 -0.342041 	 0.076157 	 0.076150 	 -4.584375 	 -8.796971 	 -4.223675 	 0.358595 

 140.988339 	 -0.354593 	 0.052071 	 0.064586 	 -3.790749 	 -8.913512 	 -4.368227 	 0.364169 

 141.988256 	 -0.364972 	 0.027666 	 0.052625 	 -3.010537 	 -8.972654 	 -4.480726 	 0.369783 

 142.988173 	 -0.373215 	 0.003099 	 0.040357 	 -2.248005 	 -8.978985 	 -4.563181 	 0.375403 

 143.988091 	 -0.379370 	 -0.021486 	 0.027863 	 -1.506544 	 -8.936992 	 -4.617639 	 0.380998 

 144.988008 	 -0.383495 	 -0.045955 	 0.015220 	 -0.788790 	 -8.850981 	 -4.646125 	 0.386538 

 145.987925 	 -0.385654 	 -0.070189 	 0.002499 	 -0.096734 	 -8.725026 	 -4.650609 	 0.391998 

 146.987842 	 -0.385919 	 -0.094078 	 -0.010234 	 0.568173 	 -8.562937 	 -4.632976 	 0.397353 

 147.987760 	 -0.384364 	 -0.117524 	 -0.022919 	 1.204927 	 -8.368242 	 -4.595007 	 0.402582 

 148.987677 	 -0.381064 	 -0.140436 	 -0.035501 	 1.812885 	 -8.144187 	 -4.538369 	 0.407667 

 149.987594 	 -0.376101 	 -0.162735 	 -0.047927 	 2.391697 	 -7.893741 	 -4.464611 	 0.412591 

 150.987511 	 -0.369552 	 -0.184348 	 -0.060151 	 2.941244 	 -7.619605 	 -4.375163 	 0.417338 

 151.987428 	 -0.361499 	 -0.205210 	 -0.072130 	 3.461583 	 -7.324226 	 -4.271340 	 0.421895 

 152.987346 	 -0.352021 	 -0.225264 	 -0.083825 	 3.952906 	 -7.009821 	 -4.154344 	 0.426251 

 153.987263 	 -0.341198 	 -0.244457 	 -0.095199 	 4.415504 	 -6.678386 	 -4.025272 	 0.430393 

 154.987180 	 -0.329109 	 -0.262742 	 -0.106221 	 4.849734 	 -6.331720 	 -3.885123 	 0.434314 

 155.987097 	 -0.315830 	 -0.280079 	 -0.116858 	 5.255999 	 -5.971444 	 -3.734804 	 0.438005 

 156.987015 	 -0.301439 	 -0.296428 	 -0.127084 	 5.634723 	 -5.599015 	 -3.575137 	 0.441459 

 157.986932 	 -0.286011 	 -0.311759 	 -0.136873 	 5.986338 	 -5.215747 	 -3.406870 	 0.444668 

 158.986849 	 -0.269621 	 -0.326039 	 -0.146201 	 6.311270 	 -4.822823 	 -3.230677 	 0.447629 

 159.986766 	 -0.252340 	 -0.339244 	 -0.155046 	 6.609927 	 -4.421311 	 -3.047172 	 0.450335 

 160.986683 	 -0.234242 	 -0.351350 	 -0.163389 	 6.882692 	 -4.012180 	 -2.856912 	 0.452783 

 161.986601 	 -0.215398 	 -0.362335 	 -0.171212 	 7.129916 	 -3.596308 	 -2.660403 	 0.454968 

 162.986518 	 -0.195876 	 -0.372182 	 -0.178496 	 7.351910 	 -3.174498 	 -2.458106 	 0.456889 

 163.986435 	 -0.175746 	 -0.380874 	 -0.185226 	 7.548946 	 -2.747488 	 -2.250442 	 0.458541 

 164.986352 	 -0.155077 	 -0.388396 	 -0.191388 	 7.721245 	 -2.315958 	 -2.037800 	 0.459924 

 165.986270 	 -0.133937 	 -0.394737 	 -0.196967 	 7.868983 	 -1.880545 	 -1.820536 	 0.461034 

 166.986187 	 -0.112391 	 -0.399886 	 -0.201952 	 7.992283 	 -1.441847 	 -1.598983 	 0.461872 

 167.986104 	 -0.090509 	 -0.403834 	 -0.206330 	 8.091214 	 -1.000434 	 -1.373453 	 0.462435 

 168.986021 	 -0.068355 	 -0.406573 	 -0.210091 	 8.165790 	 -0.556856 	 -1.144241 	 0.462723 

 169.985938 	 -0.045997 	 -0.408098 	 -0.213223 	 8.215969 	 -0.111651 	 -0.911629 	 0.462735 

 170.985856 	 -0.023502 	 -0.408404 	 -0.215720 	 8.241651 	 0.334647 	 -0.675894 	 0.462472 

 171.985773 	 -0.000936 	 -0.407487 	 -0.217570 	 8.242678 	 0.781502 	 -0.437304 	 0.461934 

 172.985690 	 0.021633 	 -0.405347 	 -0.218767 	 8.218830 	 1.228363 	 -0.196132 	 0.461122 

 173.985607 	 0.044136 	 -0.401984 	 -0.219304 	 8.169828 	 1.674660 	 0.047348 	 0.460037 

 174.985525 	 0.066505 	 -0.397399 	 -0.219175 	 8.095335 	 2.119797 	 0.292851 	 0.458679 

 175.985442 	 0.088670 	 -0.391595 	 -0.218373 	 7.994949 	 2.563136 	 0.540079 	 0.457051 

 176.985359 	 0.110560 	 -0.384577 	 -0.216894 	 7.868209 	 3.003994 	 0.788715 	 0.455155 

 177.985276 	 0.132103 	 -0.376352 	 -0.214735 	 7.714595 	 3.441628 	 1.038415 	 0.452994 

 178.985193 	 0.153226 	 -0.366929 	 -0.211892 	 7.533529 	 3.875228 	 1.288807 	 0.450570 

 179.985111 	 0.173852 	 -0.356319 	 -0.208363 	 7.324373 	 4.303901 	 1.539481 	 0.447887 

 180.985028 	 0.193907 	 -0.344535 	 -0.204148 	 7.086441 	 4.726661 	 1.789979 	 0.444950 

 181.984945 	 0.213309 	 -0.331593 	 -0.199247 	 6.818995 	 5.142411 	 2.039794 	 0.441762 

 182.984873 	 0.231980 	 -0.317513 	 -0.193662 	 6.521255 	 5.549930 	 2.288354 	 0.438331 

 183.984790 	 0.249835 	 -0.302317 	 -0.187396 	 6.192409 	 5.947857 	 2.535015 	 0.434661 

 184.984708 	 0.266790 	 -0.286032 	 -0.180455 	 5.831621 	 6.334667 	 2.779050 	 0.430761 

 185.984625 	 0.282757 	 -0.268688 	 -0.172846 	 5.438047 	 6.708658 	 3.019638 	 0.426638 

 186.984542 	 0.297646 	 -0.250320 	 -0.164579 	 5.010855 	 7.067926 	 3.255847 	 0.422302 

 187.984459 	 0.311366 	 -0.230968 	 -0.155664 	 4.549246 	 7.410342 	 3.486624 	 0.417763 

 188.984377 	 0.323822 	 -0.210678 	 -0.146118 	 4.052487 	 7.733533 	 3.710776 	 0.413033 

 189.984294 	 0.334917 	 -0.189504 	 -0.135958 	 3.519947 	 8.034856 	 3.926957 	 0.408125 

 190.984211 	 0.344555 	 -0.167504 	 -0.125206 	 2.951142 	 8.311378 	 4.133652 	 0.403054 

 191.984128 	 0.352635 	 -0.144748 	 -0.113888 	 2.345794 	 8.559858 	 4.329156 	 0.397836 

 192.984045 	 0.359058 	 -0.121311 	 -0.102034 	 1.703897 	 8.776728 	 4.511566 	 0.392492 

 193.983963 	 0.363723 	 -0.097280 	 -0.089682 	 1.025798 	 8.958090 	 4.678762 	 0.387041 

 194.983880 	 0.366532 	 -0.072753 	 -0.076871 	 0.312294 	 9.099713 	 4.828402 	 0.381507 

 195.983797 	 0.367387 	 -0.047838 	 -0.063651 	 -0.435262 	 9.197053 	 4.957919 	 0.375916 

 196.983714 	 0.366195 	 -0.022656 	 -0.050076 	 -1.214832 	 9.245285 	 5.064524 	 0.370297 

 197.983632 	 0.362869 	 0.002657 	 -0.036210 	 -2.023564 	 9.239362 	 5.145225 	 0.364681 

 198.983549 	 0.357328 	 0.027955 	 -0.022122 	 -2.857641 	 9.174110 	 5.196862 	 0.359102 

 199.983466 	 0.349504 	 0.053073 	 -0.007893 	 -3.712141 	 9.044351 	 5.216160 	 0.353599 

 200.983383 	 0.339340 	 0.077837 	 0.006389 	 -4.580900 	 8.845078 	 5.199804 	 0.348212 

 201.983300 	 0.326798 	 0.102055 	 0.020626 	 -5.456396 	 8.571672 	 5.144547 	 0.342983 

 202.983218 	 0.311858 	 0.125524 	 0.034712 	 -6.329681 	 8.220172 	 5.047345 	 0.337960 

 203.983135 	 0.294528 	 0.148031 	 0.048531 	 -7.190372 	 7.787585 	 4.905524 	 0.333189 

 204.983052 	 0.274840 	 0.169353 	 0.061963 	 -8.026734 	 7.272230 	 4.716967 	 0.328720 

 205.982969 	 0.252863 	 0.189265 	 0.074878 	 -8.825866 	 6.674090 	 4.480328 	 0.324604 

 206.982887 	 0.228698 	 0.207538 	 0.087145 	 -9.574028 	 5.995151 	 4.195243 	 0.320888 

 207.982804 	 0.202484 	 0.223953 	 0.098631 	 -10.257086 	 5.239670 	 3.862521 	 0.317621 

 208.982721 	 0.174400 	 0.238299 	 0.109207 	 -10.861098 	 4.414353 	 3.484298 	 0.314846 

 209.982638 	 0.144663 	 0.250386 	 0.118747 	 -11.372977 	 3.528381 	 3.064120 	 0.312604 

 210.982555 	 0.113523 	 0.260046 	 0.127136 	 -11.781207 	 2.593254 	 2.606937 	 0.310927 

 211.982473 	 0.081266 	 0.267147 	 0.134274 	 -12.076525 	 1.622458 	 2.118992 	 0.309841 

 212.982390 	 0.048201 	 0.271589 	 0.140076 	 -12.252498 	 0.630937 	 1.607600 	 0.309363 

 213.982307 	 0.014654 	 0.273316 	 0.144478 	 -12.305924 	 -0.365560 	 1.080842 	 0.309500 

 214.982224 	 -0.019040 	 0.272316 	 0.147437 	 -12.237008 	 -1.351214 	 0.547190 	 0.310251 

 215.982142 	 -0.052545 	 0.268616 	 0.148935 	 -12.049287 	 -2.310868 	 0.015106 	 0.311604 

 216.982059 	 -0.085536 	 0.262289 	 0.148977 	 -11.749320 	 -3.230691 	 -0.507341 	 0.313538 

 217.981976 	 -0.117706 	 0.253443 	 0.147587 	 -11.346198 	 -4.098693 	 -1.012805 	 0.316022 

 218.981893 	 -0.148771 	 0.242221 	 0.144814 	 -10.850919 	 -4.905077 	 -1.494911 	 0.319022 

 219.981810 	 -0.178481 	 0.228791 	 0.140721 	 -10.275724 	 -5.642406 	 -1.948416 	 0.322495 

 220.981728 	 -0.206616 	 0.213342 	 0.135387 	 -9.633447 	 -6.305590 	 -2.369272 	 0.326396 

 221.981645 	 -0.232993 	 0.196077 	 0.128900 	 -8.936940 	 -6.891742 	 -2.754604 	 0.330676 

 222.981562 	 -0.257462 	 0.177208 	 0.121357 	 -8.198595 	 -7.399935 	 -3.102631 	 0.335286 

 223.981479 	 -0.279910 	 0.156947 	 0.112862 	 -7.429994 	 -7.830893 	 -3.412538 	 0.340176 

 224.981397 	 -0.300253 	 0.135506 	 0.103519 	 -6.641673 	 -8.186667 	 -3.684330 	 0.345297 

 225.981314 	 -0.318438 	 0.113091 	 0.093431 	 -5.842987 	 -8.470313 	 -3.918668 	 0.350602 

 226.981231 	 -0.334436 	 0.089899 	 0.082702 	 -5.042070 	 -8.685606 	 -4.116725 	 0.356046 

 227.981148 	 -0.348241 	 0.066118 	 0.071430 	 -4.245852 	 -8.836777 	 -4.280043 	 0.361588 

 228.981065 	 -0.359866 	 0.041923 	 0.059712 	 -3.460127 	 -8.928310 	 -4.410416 	 0.367188 

 229.980983 	 -0.369340 	 0.017477 	 0.047636 	 -2.689650 	 -8.964768 	 -4.509789 	 0.372809 

 230.980900 	 -0.376704 	 -0.007069 	 0.035288 	 -1.938247 	 -8.950668 	 -4.580177 	 0.378420 

 231.980817 	 -0.382011 	 -0.031576 	 0.022747 	 -1.208932 	 -8.890385 	 -4.623605 	 0.383988 

 232.980734 	 -0.385321 	 -0.055918 	 0.010088 	 -0.504023 	 -8.788090 	 -4.642060 	 0.389488 

 233.980651 	 -0.386701 	 -0.079979 	 -0.002622 	 0.174753 	 -8.647702 	 -4.637458 	 0.394894 

 234.980569 	 -0.386223 	 -0.103657 	 -0.015319 	 0.826157 	 -8.472874 	 -4.611621 	 0.400184 

 235.980486 	 -0.383961 	 -0.126855 	 -0.027946 	 1.449357 	 -8.266978 	 -4.566262 	 0.405338 

 236.980403 	 -0.379993 	 -0.149490 	 -0.040448 	 2.043842 	 -8.033105 	 -4.502982 	 0.410339 

 237.980320 	 -0.374396 	 -0.171485 	 -0.052777 	 2.609365 	 -7.774078 	 -4.423262 	 0.415169 

 238.980238 	 -0.367252 	 -0.192771 	 -0.064888 	 3.145880 	 -7.492462 	 -4.328467 	 0.419815 

 239.980155 	 -0.358639 	 -0.213285 	 -0.076740 	 3.653498 	 -7.190577 	 -4.219850 	 0.424265 

 240.980072 	 -0.348635 	 -0.232973 	 -0.088294 	 4.132448 	 -6.870524 	 -4.098553 	 0.428507 

 241.979989 	 -0.337321 	 -0.251784 	 -0.099515 	 4.583038 	 -6.534192 	 -3.965621 	 0.432532 

 242.979906 	 -0.324772 	 -0.269675 	 -0.110373 	 5.005635 	 -6.183288 	 -3.822002 	 0.436330 

 243.979824 	 -0.311067 	 -0.286605 	 -0.120838 	 5.400641 	 -5.819346 	 -3.668557 	 0.439894 

 244.979741 	 -0.296280 	 -0.302538 	 -0.130883 	 5.768470 	 -5.443748 	 -3.506068 	 0.443217 

 245.979658 	 -0.280486 	 -0.317443 	 -0.140482 	 6.109540 	 -5.057738 	 -3.335242 	 0.446293 

 246.979575 	 -0.263758 	 -0.331291 	 -0.149614 	 6.424256 	 -4.662441 	 -3.156722 	 0.449117 

 247.979493 	 -0.246168 	 -0.344057 	 -0.158257 	 6.713004 	 -4.258873 	 -2.971092 	 0.451685 

 248.979410 	 -0.227788 	 -0.355718 	 -0.166392 	 6.976140 	 -3.847956 	 -2.778879 	 0.453992 

 249.979327 	 -0.208687 	 -0.366253 	 -0.174001 	 7.213985 	 -3.430531 	 -2.580568 	 0.456035 

 250.979244 	 -0.188936 	 -0.375646 	 -0.181066 	 7.426821 	 -3.007364 	 -2.376596 	 0.457812 

 251.979161 	 -0.168601 	 -0.383880 	 -0.187573 	 7.614887 	 -2.579165 	 -2.167368 	 0.459319 

 252.979079 	 -0.147751 	 -0.390942 	 -0.193508 	 7.778372 	 -2.146592 	 -1.953254 	 0.460555 

 253.978996 	 -0.126454 	 -0.396819 	 -0.198856 	 7.917418 	 -1.710260 	 -1.734597 	 0.461519 

 254.978913 	 -0.104776 	 -0.401502 	 -0.203605 	 8.032112 	 -1.270752 	 -1.511720 	 0.462209 

 255.978830 	 -0.082784 	 -0.404981 	 -0.207744 	 8.122489 	 -0.828628 	 -1.284923 	 0.462624 

 256.978748 	 -0.060545 	 -0.407250 	 -0.211262 	 8.188528 	 -0.384429 	 -1.054493 	 0.462764 

 257.978665 	 -0.038125 	 -0.408303 	 -0.214149 	 8.230148 	 0.061309 	 -0.820710 	 0.462628 

 258.978582 	 -0.015591 	 -0.408135 	 -0.216396 	 8.247213 	 0.508053 	 -0.583842 	 0.462217 

 259.978499 	 0.006990 	 -0.406744 	 -0.217995 	 8.239528 	 0.955262 	 -0.344160 	 0.461531 

 260.978416 	 0.029550 	 -0.404128 	 -0.218937 	 8.206835 	 1.402379 	 -0.101934 	 0.460572 

 261.978334 	 0.052020 	 -0.400289 	 -0.219216 	 8.148816 	 1.848820 	 0.142558 	 0.459340 

 262.978251 	 0.074332 	 -0.395227 	 -0.218826 	 8.065095 	 2.293972 	 0.389026 	 0.457836 

 263.978168 	 0.096414 	 -0.388946 	 -0.217761 	 7.955231 	 2.737178 	 0.637166 	 0.456064 

 264.978085 	 0.118195 	 -0.381451 	 -0.216016 	 7.818723 	 3.177727 	 0.886649 	 0.454025 

 265.978003 	 0.139603 	 -0.372751 	 -0.213589 	 7.655013 	 3.614846 	 1.137122 	 0.451721 

 266.977920 	 0.160563 	 -0.362853 	 -0.210475 	 7.463481 	 4.047687 	 1.388193 	 0.449158 

 267.977837 	 0.180998 	 -0.351771 	 -0.206674 	 7.243454 	 4.475312 	 1.639434 	 0.446337 

 268.977754 	 0.200830 	 -0.339517 	 -0.202186 	 6.994206 	 4.896683 	 1.890365 	 0.443265 

 269.977671 	 0.219980 	 -0.326110 	 -0.197010 	 6.714964 	 5.310646 	 2.140448 	 0.439945 

 270.977589 	 0.238366 	 -0.311570 	 -0.191149 	 6.404917 	 5.715911 	 2.389079 	 0.436385 

 271.977506 	 0.255902 	 -0.295919 	 -0.184608 	 6.063223 	 6.111037 	 2.635577 	 0.432590 

 272.977423 	 0.272504 	 -0.279187 	 -0.177392 	 5.689024 	 6.494414 	 2.879169 	 0.428569 

 273.977340 	 0.288080 	 -0.261406 	 -0.169509 	 5.281462 	 6.864239 	 3.118982 	 0.424330 

 274.977258 	 0.302541 	 -0.242611 	 -0.160969 	 4.839697 	 7.218495 	 3.354026 	 0.419883 

 275.977175 	 0.315792 	 -0.222847 	 -0.151785 	 4.362940 	 7.554932 	 3.583179 	 0.415240 

 276.977092 	 0.327738 	 -0.202162 	 -0.141975 	 3.850482 	 7.871037 	 3.805174 	 0.410412 

 277.977009 	 0.338280 	 -0.180611 	 -0.131556 	 3.301734 	 8.164018 	 4.018580 	 0.405414 

 278.976926 	 0.347320 	 -0.158258 	 -0.120553 	 2.716286 	 8.430780 	 4.221787 	 0.400262 

 279.976844 	 0.354758 	 -0.135174 	 -0.108994 	 2.093959 	 8.667907 	 4.412987 	 0.394974 

 280.976761 	 0.360491 	 -0.111442 	 -0.096911 	 1.434889 	 8.871651 	 4.590166 	 0.389570 

 281.976678 	 0.364420 	 -0.087151 	 -0.084343 	 0.739609 	 9.037927 	 4.751086 	 0.384071 

 282.976595 	 0.366445 	 -0.062405 	 -0.071335 	 0.009156 	 9.162322 	 4.893281 	 0.378503 

 283.976513 	 0.366470 	 -0.037319 	 -0.057937 	 -0.754816 	 9.240120 	 5.014062 	 0.372893 

 284.976430 	 0.364403 	 -0.012019 	 -0.044209 	 -1.549901 	 9.266345 	 5.110520 	 0.367272 

 285.976347 	 0.360159 	 0.013352 	 -0.030216 	 -2.372799 	 9.235838 	 5.179558 	 0.361671 

 286.976264 	 0.353663 	 0.038640 	 -0.016034 	 -3.219174 	 9.143366 	 5.217930 	 0.356128 

 287.976181 	 0.344848 	 0.063674 	 -0.001748 	 -4.083506 	 8.983773 	 5.222311 	 0.350682 

 288.976099 	 0.333668 	 0.088272 	 0.012551 	 -4.958966 	 8.752170 	 5.189380 	 0.345375 

 289.976016 	 0.320090 	 0.112235 	 0.026760 	 -5.837317 	 8.444188 	 5.115950 	 0.340251 

 290.975933 	 0.304108 	 0.135355 	 0.040767 	 -6.708877 	 8.056265 	 4.999113 	 0.335357 

 291.975850 	 0.285739 	 0.157413 	 0.054455 	 -7.562547 	 7.585978 	 4.836425 	 0.330743 

 292.975768 	 0.265032 	 0.178184 	 0.067697 	 -8.385949 	 7.032397 	 4.626105 	 0.326458 

 293.975685 	 0.242072 	 0.197439 	 0.080363 	 -9.165678 	 6.396434 	 4.367251 	 0.322551 

 294.975602 	 0.216976 	 0.214952 	 0.092321 	 -9.887690 	 5.681158 	 4.060044 	 0.319071 

 295.975519 	 0.189904 	 0.230507 	 0.103437 	 -10.537825 	 4.892017 	 3.705928 	 0.316063 

 296.975436 	 0.161051 	 0.243901 	 0.113584 	 -11.102437 	 4.036948 	 3.307726 	 0.313571 

 297.975354 	 0.130653 	 0.254955 	 0.122640 	 -11.569094 	 3.126317 	 2.869687 	 0.311629 

 298.975271 	 0.098976 	 0.263514 	 0.130498 	 -11.927287 	 2.172665 	 2.397420 	 0.310267 

 299.975188 	 0.066320 	 0.269463 	 0.137062 	 -12.169069 	 1.190281 	 1.897733 	 0.309507 

 300.975105 	 0.033001 	 0.272722 	 0.142258 	 -12.289551 	 0.194599 	 1.378364 	 0.309360 

 301.975023 	 -0.000648 	 0.273255 	 0.146032 	 -12.287195 	 -0.798507 	 0.847634 	 0.309829 

 302.974940 	 -0.034291 	 0.271069 	 0.148352 	 -12.163862 	 -1.773464 	 0.314052 	 0.310906 

 303.974857 	 -0.067595 	 0.266213 	 0.149212 	 -11.924613 	 -2.715705 	 -0.214074 	 0.312574 

 304.974774 	 -0.100245 	 0.258777 	 0.148626 	 -11.577305 	 -3.612265 	 -0.729005 	 0.314809 

 305.974691 	 -0.131943 	 0.248887 	 0.146630 	 -11.132018 	 -4.452217 	 -1.223857 	 0.317575 

 306.974609 	 -0.162423 	 0.236697 	 0.143279 	 -10.600409 	 -5.226925 	 -1.692809 	 0.320836 

 307.974526 	 -0.191447 	 0.222385 	 0.138644 	 -9.995044 	 -5.930118 	 -2.131209 	 0.324545 

 308.974443 	 -0.218813 	 0.206149 	 0.132809 	 -9.328787 	 -6.557814 	 -2.535595 	 0.328656 

 309.974360 	 -0.244355 	 0.188193 	 0.125867 	 -8.614268 	 -7.108110 	 -2.903642 	 0.333120 

 310.974278 	 -0.267941 	 0.168731 	 0.117916 	 -7.863474 	 -7.580910 	 -3.234054 	 0.337886 

 311.974195 	 -0.289472 	 0.147975 	 0.109062 	 -7.087455 	 -7.977603 	 -3.526427 	 0.342906 

 312.974112 	 -0.308877 	 0.126132 	 0.099406 	 -6.296145 	 -8.300741 	 -3.781096 	 0.348132 

 313.974029 	 -0.326116 	 0.103405 	 0.089054 	 -5.498275 	 -8.553729 	 -3.998973 	 0.353518 

 314.973946 	 -0.341170 	 0.079985 	 0.078104 	 -4.701362 	 -8.740559 	 -4.181411 	 0.359019 

 315.973864 	 -0.354042 	 0.056053 	 0.066656 	 -3.911759 	 -8.865572 	 -4.330070 	 0.364597 

 316.973781 	 -0.364753 	 0.031779 	 0.054800 	 -3.134729 	 -8.933271 	 -4.446810 	 0.370213 

 317.973698 	 -0.373336 	 0.007320 	 0.042625 	 -2.374561 	 -8.948175 	 -4.533600 	 0.375832 

 318.973615 	 -0.379837 	 -0.017180 	 0.030212 	 -1.634671 	 -8.914709 	 -4.592449 	 0.381424 

 319.973533 	 -0.384313 	 -0.041589 	 0.017638 	 -0.917730 	 -8.837125 	 -4.625353 	 0.386959 

 320.973450 	 -0.386826 	 -0.065785 	 0.004973 	 -0.225764 	 -8.719447 	 -4.634249 	 0.392411 

 321.973367 	 -0.387444 	 -0.089659 	 -0.007715 	 0.439734 	 -8.565444 	 -4.620997 	 0.397757 

 322.973284 	 -0.386240 	 -0.113111 	 -0.020368 	 1.077720 	 -8.378609 	 -4.587354 	 0.402977 

 323.973201 	 -0.383289 	 -0.136051 	 -0.032928 	 1.687509 	 -8.162160 	 -4.534968 	 0.408050 

 324.973119 	 -0.378669 	 -0.158399 	 -0.045344 	 2.268710 	 -7.919040 	 -4.465371 	 0.412961 

 325.973036 	 -0.372457 	 -0.180082 	 -0.057571 	 2.821164 	 -7.651930 	 -4.379978 	 0.417694 

 326.972953 	 -0.364733 	 -0.201033 	 -0.069563 	 3.344888 	 -7.363265 	 -4.280091 	 0.422236 

 327.972870 	 -0.355574 	 -0.221193 	 -0.081282 	 3.840038 	 -7.055245 	 -4.166903 	 0.426575 

 328.972787 	 -0.345060 	 -0.240511 	 -0.092691 	 4.306869 	 -6.729859 	 -4.041502 	 0.430701 

 329.972705 	 -0.333268 	 -0.258937 	 -0.103757 	 4.745706 	 -6.388899 	 -3.904879 	 0.434605 

 330.972622 	 -0.320274 	 -0.276430 	 -0.114448 	 5.156919 	 -6.033980 	 -3.757934 	 0.438278 

 331.972539 	 -0.306155 	 -0.292951 	 -0.124737 	 5.540904 	 -5.666555 	 -3.601486 	 0.441713 

 332.972456 	 -0.290984 	 -0.308466 	 -0.134598 	 5.898064 	 -5.287937 	 -3.436277 	 0.444904 

 333.972374 	 -0.274835 	 -0.322944 	 -0.144007 	 6.228801 	 -4.899305 	 -3.262979 	 0.447845 

 334.972291 	 -0.257780 	 -0.336359 	 -0.152941 	 6.533497 	 -4.501730 	 -3.082203 	 0.450531 

 335.972208 	 -0.239892 	 -0.348684 	 -0.161380 	 6.812514 	 -4.096176 	 -2.894503 	 0.452959 

 336.972125 	 -0.221239 	 -0.359900 	 -0.169305 	 7.066181 	 -3.683525 	 -2.700382 	 0.455125 

 337.972042 	 -0.201892 	 -0.369985 	 -0.176699 	 7.294789 	 -3.264579 	 -2.500301 	 0.457025 

 338.971960 	 -0.181919 	 -0.378923 	 -0.183544 	 7.498591 	 -2.840075 	 -2.294678 	 0.458657 

 339.971877 	 -0.161387 	 -0.386700 	 -0.189827 	 7.677791 	 -2.410696 	 -2.083900 	 0.460018 

 340.971794 	 -0.140366 	 -0.393300 	 -0.195533 	 7.832546 	 -1.977076 	 -1.868321 	 0.461108 

 341.971711 	 -0.118920 	 -0.398713 	 -0.200648 	 7.962964 	 -1.539815 	 -1.648274 	 0.461924 

 342.971629 	 -0.097118 	 -0.402929 	 -0.205161 	 8.069097 	 -1.099481 	 -1.424067 	 0.462466 

 343.971546 	 -0.075024 	 -0.405940 	 -0.209061 	 8.150944 	 -0.656625 	 -1.195994 	 0.462733 

 344.971463 	 -0.052707 	 -0.407738 	 -0.212335 	 8.208447 	 -0.211783 	 -0.964337 	 0.462725 

 345.971380 	 -0.030232 	 -0.408317 	 -0.214976 	 8.241492 	 0.234512 	 -0.729366 	 0.462441 

 346.971297 	 -0.007667 	 -0.407675 	 -0.216973 	 8.249902 	 0.681725 	 -0.491351 	 0.461882 

 347.971215 	 0.014921 	 -0.405809 	 -0.218318 	 8.233445 	 1.129308 	 -0.250559 	 0.461049 

 348.971132 	 0.037464 	 -0.402717 	 -0.219004 	 8.191826 	 1.576694 	 -0.007263 	 0.459942 

 349.971049 	 0.059893 	 -0.398400 	 -0.219024 	 8.124687 	 2.023288 	 0.238255 	 0.458564 

 350.970966 	 0.082139 	 -0.392860 	 -0.218371 	 8.031612 	 2.468455 	 0.485702 	 0.456916 

 351.970884 	 0.104129 	 -0.386101 	 -0.217042 	 7.912121 	 2.911515 	 0.734762 	 0.454999 

 352.970801 	 0.125793 	 -0.378130 	 -0.215030 	 7.765674 	 3.351730 	 0.985097 	 0.452817 

 353.970718 	 0.147055 	 -0.368953 	 -0.212333 	 7.591672 	 3.788291 	 1.236339 	 0.450374 

 354.970635 	 0.167841 	 -0.358580 	 -0.208948 	 7.389457 	 4.220309 	 1.488079 	 0.447671 

 355.970552 	 0.188074 	 -0.347025 	 -0.204873 	 7.158316 	 4.646800 	 1.739867 	 0.444715 

 356.970470 	 0.207673 	 -0.334302 	 -0.200109 	 6.897487 	 5.066670 	 1.991196 	 0.441508 

 357.970387 	 0.226558 	 -0.320430 	 -0.194657 	 6.606162 	 5.478701 	 2.241500 	 0.438059 

 358.970304 	 0.244646 	 -0.305429 	 -0.188520 	 6.283500 	 5.881529 	 2.490138 	 0.434371 

 359.970221 	 0.261850 	 -0.289325 	 -0.181702 	 5.928632 	 6.273632 	 2.736387 	 0.430454 

 360.970139 	 0.278083 	 -0.272148 	 -0.174210 	 5.540680 	 6.653305 	 2.979427 	 0.426314 

 361.970056 	 0.293253 	 -0.253931 	 -0.166052 	 5.118774 	 7.018638 	 3.218328 	 0.421962 

 362.969973 	 0.307268 	 -0.234714 	 -0.157241 	 4.662075 	 7.367498 	 3.452038 	 0.417408 

 363.969890 	 0.320033 	 -0.214542 	 -0.147789 	 4.169809 	 7.697501 	 3.679363 	 0.412663 

 364.969807 	 0.331450 	 -0.193466 	 -0.137715 	 3.641298 	 8.005991 	 3.898955 	 0.407742 

 365.969746 	 0.341420 	 -0.171546 	 -0.127039 	 3.076011 	 8.290018 	 4.109293 	 0.402659 
