  año		   x		  y		  z		 vx		 vy		  vz		r 

 0.000000 	 0.085507 	 -0.656921 	 -0.300961 	 7.279048 	 0.934318 	 -0.040302 	 0.727622 

 0.999918 	 0.105437 	 -0.654362 	 -0.301071 	 7.249506 	 1.117658 	 0.044052 	 0.727977 

 1.999835 	 0.125286 	 -0.651302 	 -0.300951 	 7.214454 	 1.299877 	 0.128251 	 0.728329 

 2.999753 	 0.145039 	 -0.647743 	 -0.300600 	 7.173934 	 1.480842 	 0.212232 	 0.728675 

 3.999670 	 0.164682 	 -0.643689 	 -0.300018 	 7.127990 	 1.660421 	 0.295932 	 0.729017 

 4.999588 	 0.184198 	 -0.639142 	 -0.299208 	 7.076673 	 1.838485 	 0.379291 	 0.729354 

 5.999505 	 0.203574 	 -0.634109 	 -0.298170 	 7.020035 	 2.014905 	 0.462247 	 0.729686 

 6.999423 	 0.222795 	 -0.628592 	 -0.296904 	 6.958132 	 2.189557 	 0.544741 	 0.730012 

 7.999340 	 0.241846 	 -0.622597 	 -0.295413 	 6.891025 	 2.362315 	 0.626712 	 0.730332 

 8.999258 	 0.260714 	 -0.616129 	 -0.293697 	 6.818775 	 2.533058 	 0.708102 	 0.730646 

 9.999175 	 0.279384 	 -0.609193 	 -0.291758 	 6.741450 	 2.701666 	 0.788852 	 0.730954 

 10.999092 	 0.297842 	 -0.601796 	 -0.289598 	 6.659118 	 2.868020 	 0.868906 	 0.731256 

 11.999009 	 0.316074 	 -0.593944 	 -0.287219 	 6.571851 	 3.032005 	 0.948205 	 0.731551 

 12.998927 	 0.334068 	 -0.585642 	 -0.284623 	 6.479725 	 3.193508 	 1.026696 	 0.731839 

 13.998844 	 0.351809 	 -0.576898 	 -0.281812 	 6.382818 	 3.352416 	 1.104322 	 0.732120 

 14.998761 	 0.369286 	 -0.567719 	 -0.278788 	 6.281211 	 3.508620 	 1.181029 	 0.732393 

 15.998678 	 0.386484 	 -0.558113 	 -0.275554 	 6.174988 	 3.662015 	 1.256763 	 0.732659 

 16.998595 	 0.403391 	 -0.548086 	 -0.272113 	 6.064236 	 3.812494 	 1.331473 	 0.732917 

 17.998513 	 0.419995 	 -0.537647 	 -0.268468 	 5.949043 	 3.959956 	 1.405106 	 0.733168 

 18.998430 	 0.436283 	 -0.526805 	 -0.264621 	 5.829501 	 4.104301 	 1.477613 	 0.733410 

 19.998347 	 0.452244 	 -0.515567 	 -0.260575 	 5.705704 	 4.245432 	 1.548942 	 0.733644 

 20.998264 	 0.467866 	 -0.503943 	 -0.256334 	 5.577749 	 4.383254 	 1.619046 	 0.733870 

 21.998182 	 0.483138 	 -0.491942 	 -0.251901 	 5.445734 	 4.517674 	 1.687876 	 0.734087 

 22.998099 	 0.498049 	 -0.479573 	 -0.247280 	 5.309761 	 4.648603 	 1.755387 	 0.734295 

 23.998016 	 0.512587 	 -0.466845 	 -0.242473 	 5.169933 	 4.775953 	 1.821531 	 0.734495 

 24.997933 	 0.526742 	 -0.453768 	 -0.237486 	 5.026355 	 4.899640 	 1.886264 	 0.734685 

 25.997850 	 0.540504 	 -0.440353 	 -0.232321 	 4.879135 	 5.019581 	 1.949542 	 0.734867 

 26.997768 	 0.553863 	 -0.426609 	 -0.226983 	 4.728382 	 5.135697 	 2.011324 	 0.735039 

 27.997685 	 0.566810 	 -0.412548 	 -0.221476 	 4.574208 	 5.247912 	 2.071566 	 0.735201 

 28.997602 	 0.579334 	 -0.398179 	 -0.215805 	 4.416726 	 5.356150 	 2.130229 	 0.735354 

 29.997519 	 0.591427 	 -0.383514 	 -0.209972 	 4.256050 	 5.460341 	 2.187273 	 0.735498 

 30.997437 	 0.603080 	 -0.368564 	 -0.203983 	 4.092298 	 5.560416 	 2.242660 	 0.735631 

 31.997354 	 0.614285 	 -0.353339 	 -0.197843 	 3.925587 	 5.656309 	 2.296352 	 0.735755 

 32.997271 	 0.625033 	 -0.337852 	 -0.191555 	 3.756039 	 5.747955 	 2.348314 	 0.735869 

 33.997188 	 0.635317 	 -0.322114 	 -0.185126 	 3.583774 	 5.835296 	 2.398511 	 0.735973 

 34.997105 	 0.645129 	 -0.306137 	 -0.178559 	 3.408915 	 5.918273 	 2.446908 	 0.736067 

 35.997023 	 0.654463 	 -0.289933 	 -0.171859 	 3.231587 	 5.996831 	 2.493474 	 0.736151 

 36.996940 	 0.663311 	 -0.273514 	 -0.165032 	 3.051916 	 6.070918 	 2.538176 	 0.736225 

 37.996857 	 0.671667 	 -0.256892 	 -0.158082 	 2.870028 	 6.140484 	 2.580985 	 0.736288 

 38.996774 	 0.679525 	 -0.240079 	 -0.151016 	 2.686051 	 6.205484 	 2.621871 	 0.736341 

 39.996692 	 0.686880 	 -0.223088 	 -0.143837 	 2.500116 	 6.265873 	 2.660807 	 0.736384 

 40.996609 	 0.693725 	 -0.205932 	 -0.136552 	 2.312353 	 6.321610 	 2.697766 	 0.736416 

 41.996526 	 0.700056 	 -0.188624 	 -0.129165 	 2.122893 	 6.372658 	 2.732722 	 0.736438 

 42.996443 	 0.705869 	 -0.171175 	 -0.121683 	 1.931870 	 6.418982 	 2.765653 	 0.736450 

 43.996360 	 0.711158 	 -0.153600 	 -0.114111 	 1.739415 	 6.460550 	 2.796533 	 0.736451 

 44.996278 	 0.715921 	 -0.135911 	 -0.106454 	 1.545665 	 6.497331 	 2.825343 	 0.736442 

 45.996198 	 0.720153 	 -0.118122 	 -0.098718 	 1.350754 	 6.529301 	 2.852061 	 0.736422 

 46.996115 	 0.723851 	 -0.100244 	 -0.090909 	 1.154818 	 6.556436 	 2.876669 	 0.736392 

 47.996032 	 0.727013 	 -0.082293 	 -0.083033 	 0.957993 	 6.578715 	 2.899148 	 0.736352 

 48.995949 	 0.729636 	 -0.064280 	 -0.075095 	 0.760418 	 6.596121 	 2.919483 	 0.736301 

 49.995866 	 0.731718 	 -0.046220 	 -0.067101 	 0.562230 	 6.608640 	 2.937658 	 0.736241 

 50.995784 	 0.733257 	 -0.028126 	 -0.059058 	 0.363567 	 6.616260 	 2.953658 	 0.736169 

 51.995701 	 0.734253 	 -0.010010 	 -0.050971 	 0.164569 	 6.618973 	 2.967472 	 0.736088 

 52.995618 	 0.734703 	 0.008112 	 -0.042846 	 -0.034626 	 6.616774 	 2.979089 	 0.735996 

 53.995535 	 0.734609 	 0.026229 	 -0.034689 	 -0.233878 	 6.609660 	 2.988498 	 0.735895 

 54.995453 	 0.733968 	 0.044326 	 -0.026507 	 -0.433047 	 6.597631 	 2.995691 	 0.735783 

 55.995370 	 0.732783 	 0.062391 	 -0.018304 	 -0.631992 	 6.580693 	 3.000660 	 0.735662 

 56.995287 	 0.731052 	 0.080409 	 -0.010089 	 -0.830574 	 6.558851 	 3.003400 	 0.735530 

 57.995204 	 0.728778 	 0.098367 	 -0.001865 	 -1.028653 	 6.532115 	 3.003907 	 0.735389 

 58.995121 	 0.725962 	 0.116252 	 0.006359 	 -1.226087 	 6.500499 	 3.002178 	 0.735238 

 59.995039 	 0.722605 	 0.134050 	 0.014579 	 -1.422737 	 6.464018 	 2.998210 	 0.735078 

 60.994956 	 0.718709 	 0.151749 	 0.022789 	 -1.618462 	 6.422693 	 2.992004 	 0.734908 

 61.994873 	 0.714278 	 0.169334 	 0.030981 	 -1.813123 	 6.376545 	 2.983561 	 0.734729 

 62.994790 	 0.709313 	 0.186793 	 0.039150 	 -2.006580 	 6.325599 	 2.972884 	 0.734541 

 63.994708 	 0.703819 	 0.204112 	 0.047289 	 -2.198693 	 6.269885 	 2.959976 	 0.734343 

 64.994625 	 0.697799 	 0.221279 	 0.055394 	 -2.389324 	 6.209434 	 2.944843 	 0.734137 

 65.994542 	 0.691257 	 0.238281 	 0.063457 	 -2.578333 	 6.144281 	 2.927492 	 0.733922 

 66.994459 	 0.684198 	 0.255104 	 0.071472 	 -2.765584 	 6.074465 	 2.907931 	 0.733698 

 67.994376 	 0.676626 	 0.271736 	 0.079434 	 -2.950937 	 6.000026 	 2.886171 	 0.733466 

 68.994294 	 0.668546 	 0.288164 	 0.087336 	 -3.134258 	 5.921009 	 2.862223 	 0.733226 

 69.994211 	 0.659965 	 0.304375 	 0.095173 	 -3.315410 	 5.837462 	 2.836099 	 0.732977 

 70.994128 	 0.650887 	 0.320358 	 0.102938 	 -3.494258 	 5.749436 	 2.807814 	 0.732721 

 71.994045 	 0.641320 	 0.336100 	 0.110626 	 -3.670667 	 5.656983 	 2.777384 	 0.732457 

 72.993963 	 0.631269 	 0.351589 	 0.118231 	 -3.844506 	 5.560163 	 2.744826 	 0.732185 

 73.993880 	 0.620743 	 0.366813 	 0.125746 	 -4.015641 	 5.459035 	 2.710158 	 0.731906 

 74.993797 	 0.609748 	 0.381760 	 0.133167 	 -4.183943 	 5.353662 	 2.673402 	 0.731619 

 75.993714 	 0.598293 	 0.396418 	 0.140486 	 -4.349281 	 5.244112 	 2.634578 	 0.731326 

 76.993631 	 0.586384 	 0.410776 	 0.147700 	 -4.511528 	 5.130454 	 2.593711 	 0.731026 

 77.993549 	 0.574032 	 0.424824 	 0.154801 	 -4.670557 	 5.012761 	 2.550825 	 0.730720 

 78.993466 	 0.561244 	 0.438549 	 0.161785 	 -4.826244 	 4.891110 	 2.505947 	 0.730407 

 79.993383 	 0.548030 	 0.451940 	 0.168647 	 -4.978464 	 4.765580 	 2.459103 	 0.730088 

 80.993300 	 0.534398 	 0.464989 	 0.175380 	 -5.127096 	 4.636252 	 2.410325 	 0.729763 

 81.993218 	 0.520361 	 0.477683 	 0.181979 	 -5.272020 	 4.503214 	 2.359643 	 0.729433 

 82.993135 	 0.505926 	 0.490012 	 0.188440 	 -5.413119 	 4.366553 	 2.307088 	 0.729097 

 83.993052 	 0.491105 	 0.501968 	 0.194757 	 -5.550277 	 4.226362 	 2.252696 	 0.728756 

 84.992969 	 0.475908 	 0.513540 	 0.200925 	 -5.683379 	 4.082734 	 2.196501 	 0.728411 

 85.992886 	 0.460347 	 0.524718 	 0.206939 	 -5.812316 	 3.935768 	 2.138540 	 0.728061 

 86.992804 	 0.444433 	 0.535495 	 0.212794 	 -5.936977 	 3.785564 	 2.078852 	 0.727706 

 87.992721 	 0.428177 	 0.545859 	 0.218486 	 -6.057256 	 3.632227 	 2.017478 	 0.727347 

 88.992638 	 0.411593 	 0.555804 	 0.224010 	 -6.173050 	 3.475862 	 1.954457 	 0.726985 

 89.992555 	 0.394691 	 0.565321 	 0.229361 	 -6.284256 	 3.316580 	 1.889833 	 0.726619 

 90.992473 	 0.377484 	 0.574402 	 0.234535 	 -6.390777 	 3.154492 	 1.823651 	 0.726250 

 91.992395 	 0.359986 	 0.583039 	 0.239529 	 -6.492516 	 2.989714 	 1.755955 	 0.725878 

 92.992312 	 0.342210 	 0.591225 	 0.244336 	 -6.589381 	 2.822363 	 1.686794 	 0.725503 

 93.992230 	 0.324168 	 0.598953 	 0.248955 	 -6.681283 	 2.652560 	 1.616215 	 0.725126 

 94.992147 	 0.305875 	 0.606215 	 0.253380 	 -6.768134 	 2.480428 	 1.544269 	 0.724747 

 95.992064 	 0.287344 	 0.613007 	 0.257608 	 -6.849853 	 2.306093 	 1.471007 	 0.724366 

 96.991981 	 0.268589 	 0.619321 	 0.261636 	 -6.926359 	 2.129683 	 1.396482 	 0.723983 

 97.991899 	 0.249624 	 0.625152 	 0.265459 	 -6.997577 	 1.951328 	 1.320746 	 0.723599 

 98.991816 	 0.230465 	 0.630495 	 0.269076 	 -7.063433 	 1.771162 	 1.243857 	 0.723215 

 99.991733 	 0.211125 	 0.635344 	 0.272481 	 -7.123859 	 1.589320 	 1.165870 	 0.722829 

 100.991650 	 0.191620 	 0.639696 	 0.275673 	 -7.178791 	 1.405939 	 1.086843 	 0.722444 

 101.991567 	 0.171965 	 0.643545 	 0.278649 	 -7.228167 	 1.221158 	 1.006835 	 0.722058 

 102.991485 	 0.152174 	 0.646889 	 0.281406 	 -7.271931 	 1.035120 	 0.925905 	 0.721672 

 103.991402 	 0.132264 	 0.649723 	 0.283941 	 -7.310029 	 0.847967 	 0.844116 	 0.721288 

 104.991319 	 0.112249 	 0.652044 	 0.286252 	 -7.342414 	 0.659846 	 0.761529 	 0.720904 

 105.991236 	 0.092145 	 0.653851 	 0.288337 	 -7.369041 	 0.470902 	 0.678208 	 0.720521 

 106.991154 	 0.071969 	 0.655140 	 0.290194 	 -7.389871 	 0.281285 	 0.594218 	 0.720140 

 107.991071 	 0.051735 	 0.655911 	 0.291821 	 -7.404868 	 0.091145 	 0.509622 	 0.719760 

 108.990988 	 0.031461 	 0.656160 	 0.293217 	 -7.414003 	 -0.099367 	 0.424489 	 0.719383 

 109.990905 	 0.011161 	 0.655888 	 0.294379 	 -7.417248 	 -0.290098 	 0.338884 	 0.719008 

 110.990822 	 -0.009147 	 0.655094 	 0.295307 	 -7.414584 	 -0.480895 	 0.252876 	 0.718636 

 111.990740 	 -0.029448 	 0.653777 	 0.295999 	 -7.405994 	 -0.671601 	 0.166533 	 0.718267 

 112.990657 	 -0.049726 	 0.651938 	 0.296455 	 -7.391467 	 -0.862062 	 0.079925 	 0.717901 

 113.990574 	 -0.069964 	 0.649578 	 0.296674 	 -7.370996 	 -1.052121 	 -0.006878 	 0.717539 

 114.990491 	 -0.090146 	 0.646697 	 0.296655 	 -7.344581 	 -1.241621 	 -0.093806 	 0.717180 

 115.990409 	 -0.110255 	 0.643298 	 0.296398 	 -7.312226 	 -1.430404 	 -0.180788 	 0.716826 

 116.990326 	 -0.130276 	 0.639381 	 0.295903 	 -7.273939 	 -1.618313 	 -0.267751 	 0.716477 

 117.990243 	 -0.150192 	 0.634950 	 0.295170 	 -7.229735 	 -1.805189 	 -0.354625 	 0.716132 

 118.990160 	 -0.169987 	 0.630008 	 0.294199 	 -7.179634 	 -1.990874 	 -0.441336 	 0.715792 

 119.990077 	 -0.189645 	 0.624557 	 0.292991 	 -7.123660 	 -2.175212 	 -0.527811 	 0.715458 

 120.989995 	 -0.209149 	 0.618601 	 0.291546 	 -7.061845 	 -2.358043 	 -0.613980 	 0.715129 

 121.989912 	 -0.228485 	 0.612145 	 0.289865 	 -6.994223 	 -2.539211 	 -0.699767 	 0.714806 

 122.989829 	 -0.247635 	 0.605192 	 0.287949 	 -6.920836 	 -2.718560 	 -0.785101 	 0.714489 

 123.989746 	 -0.266584 	 0.597749 	 0.285799 	 -6.841731 	 -2.895934 	 -0.869908 	 0.714179 

 124.989664 	 -0.285317 	 0.589820 	 0.283417 	 -6.756959 	 -3.071179 	 -0.954115 	 0.713876 

 125.989581 	 -0.303817 	 0.581411 	 0.280805 	 -6.666577 	 -3.244141 	 -1.037651 	 0.713579 

 126.989498 	 -0.322071 	 0.572528 	 0.277964 	 -6.570649 	 -3.414668 	 -1.120442 	 0.713290 

 127.989415 	 -0.340061 	 0.563179 	 0.274896 	 -6.469242 	 -3.582609 	 -1.202417 	 0.713008 

 128.989332 	 -0.357774 	 0.553370 	 0.271604 	 -6.362430 	 -3.747815 	 -1.283503 	 0.712733 

 129.989250 	 -0.375194 	 0.543108 	 0.268089 	 -6.250292 	 -3.910140 	 -1.363630 	 0.712467 

 130.989167 	 -0.392307 	 0.532402 	 0.264356 	 -6.132911 	 -4.069439 	 -1.442727 	 0.712209 

 131.989084 	 -0.409099 	 0.521260 	 0.260406 	 -6.010377 	 -4.225567 	 -1.520724 	 0.711959 

 132.989001 	 -0.425556 	 0.509691 	 0.256242 	 -5.882784 	 -4.378386 	 -1.597552 	 0.711718 

 133.988919 	 -0.441663 	 0.497703 	 0.251868 	 -5.750232 	 -4.527757 	 -1.673143 	 0.711485 

 134.988836 	 -0.457407 	 0.485306 	 0.247287 	 -5.612825 	 -4.673544 	 -1.747428 	 0.711262 

 135.988753 	 -0.472775 	 0.472510 	 0.242502 	 -5.470674 	 -4.815616 	 -1.820343 	 0.711048 

 136.988670 	 -0.487753 	 0.459324 	 0.237518 	 -5.323892 	 -4.953843 	 -1.891820 	 0.710843 

 137.988587 	 -0.502330 	 0.445761 	 0.232338 	 -5.172598 	 -5.088098 	 -1.961797 	 0.710647 

 138.988505 	 -0.516493 	 0.431830 	 0.226967 	 -5.016917 	 -5.218260 	 -2.030209 	 0.710462 

 139.988422 	 -0.530229 	 0.417542 	 0.221408 	 -4.856977 	 -5.344209 	 -2.096995 	 0.710286 

 140.988339 	 -0.543528 	 0.402909 	 0.215667 	 -4.692911 	 -5.465829 	 -2.162095 	 0.710120 

 141.988256 	 -0.556377 	 0.387944 	 0.209747 	 -4.524855 	 -5.583009 	 -2.225450 	 0.709964 

 142.988173 	 -0.568766 	 0.372658 	 0.203654 	 -4.352952 	 -5.695640 	 -2.287002 	 0.709819 

 143.988091 	 -0.580684 	 0.357063 	 0.197392 	 -4.177347 	 -5.803620 	 -2.346696 	 0.709684 

 144.988008 	 -0.592122 	 0.341173 	 0.190967 	 -3.998189 	 -5.906849 	 -2.404476 	 0.709560 

 145.987925 	 -0.603069 	 0.325000 	 0.184383 	 -3.815631 	 -6.005231 	 -2.460292 	 0.709446 

 146.987842 	 -0.613516 	 0.308558 	 0.177647 	 -3.629829 	 -6.098677 	 -2.514092 	 0.709343 

 147.987760 	 -0.623455 	 0.291859 	 0.170763 	 -3.440944 	 -6.187100 	 -2.565827 	 0.709251 

 148.987677 	 -0.632876 	 0.274919 	 0.163738 	 -3.249139 	 -6.270420 	 -2.615451 	 0.709170 

 149.987594 	 -0.641772 	 0.257751 	 0.156577 	 -3.054580 	 -6.348559 	 -2.662919 	 0.709100 

 150.987511 	 -0.650135 	 0.240368 	 0.149286 	 -2.857436 	 -6.421447 	 -2.708187 	 0.709041 

 151.987428 	 -0.657959 	 0.222786 	 0.141871 	 -2.657880 	 -6.489018 	 -2.751216 	 0.708993 

 152.987346 	 -0.665236 	 0.205019 	 0.134338 	 -2.456085 	 -6.551209 	 -2.791967 	 0.708956 

 153.987263 	 -0.671961 	 0.187082 	 0.126694 	 -2.252227 	 -6.607965 	 -2.830403 	 0.708931 

 154.987180 	 -0.678128 	 0.168990 	 0.118944 	 -2.046487 	 -6.659236 	 -2.866490 	 0.708916 

 155.987097 	 -0.683731 	 0.150757 	 0.111095 	 -1.839044 	 -6.704975 	 -2.900196 	 0.708913 

 156.987015 	 -0.688766 	 0.132398 	 0.103155 	 -1.630080 	 -6.745143 	 -2.931492 	 0.708921 

 157.986932 	 -0.693229 	 0.113930 	 0.095128 	 -1.419779 	 -6.779706 	 -2.960350 	 0.708940 

 158.986849 	 -0.697117 	 0.095367 	 0.087023 	 -1.208326 	 -6.808633 	 -2.986746 	 0.708971 

 159.986766 	 -0.700425 	 0.076725 	 0.078845 	 -0.995907 	 -6.831902 	 -3.010658 	 0.709013 

 160.986683 	 -0.703152 	 0.058020 	 0.070602 	 -0.782709 	 -6.849493 	 -3.032065 	 0.709065 

 161.986601 	 -0.705295 	 0.039266 	 0.062300 	 -0.568919 	 -6.861396 	 -3.050949 	 0.709129 

 162.986518 	 -0.706853 	 0.020479 	 0.053947 	 -0.354724 	 -6.867601 	 -3.067297 	 0.709204 

 163.986435 	 -0.707824 	 0.001676 	 0.045548 	 -0.140313 	 -6.868109 	 -3.081094 	 0.709290 

 164.986352 	 -0.708208 	 -0.017129 	 0.037112 	 0.074126 	 -6.862922 	 -3.092331 	 0.709387 

 165.986270 	 -0.708005 	 -0.035920 	 0.028646 	 0.288407 	 -6.852051 	 -3.101001 	 0.709494 

 166.986187 	 -0.707216 	 -0.054681 	 0.020155 	 0.502341 	 -6.835510 	 -3.107098 	 0.709613 

 167.986104 	 -0.705840 	 -0.073396 	 0.011648 	 0.715744 	 -6.813320 	 -3.110619 	 0.709741 

 168.986021 	 -0.703880 	 -0.092051 	 0.003131 	 0.928428 	 -6.785505 	 -3.111565 	 0.709881 

 169.985938 	 -0.701338 	 -0.110630 	 -0.005389 	 1.140210 	 -6.752099 	 -3.109938 	 0.710031 

 170.985856 	 -0.698216 	 -0.129117 	 -0.013904 	 1.350907 	 -6.713136 	 -3.105743 	 0.710191 

 171.985773 	 -0.694518 	 -0.147498 	 -0.022407 	 1.560337 	 -6.668658 	 -3.098986 	 0.710361 

 172.985690 	 -0.690245 	 -0.165757 	 -0.030892 	 1.768321 	 -6.618712 	 -3.089678 	 0.710541 

 173.985607 	 -0.685404 	 -0.183879 	 -0.039352 	 1.974681 	 -6.563351 	 -3.077830 	 0.710731 

 174.985525 	 -0.679997 	 -0.201849 	 -0.047779 	 2.179240 	 -6.502630 	 -3.063457 	 0.710930 

 175.985442 	 -0.674030 	 -0.219653 	 -0.056166 	 2.381825 	 -6.436611 	 -3.046575 	 0.711139 

 176.985359 	 -0.667509 	 -0.237277 	 -0.064508 	 2.582266 	 -6.365361 	 -3.027205 	 0.711358 

 177.985276 	 -0.660439 	 -0.254705 	 -0.072796 	 2.780394 	 -6.288951 	 -3.005366 	 0.711585 

 178.985193 	 -0.652826 	 -0.271924 	 -0.081025 	 2.976043 	 -6.207457 	 -2.981084 	 0.711821 

 179.985111 	 -0.644678 	 -0.288920 	 -0.089187 	 3.169050 	 -6.120958 	 -2.954382 	 0.712066 

 180.985028 	 -0.636001 	 -0.305679 	 -0.097276 	 3.359257 	 -6.029540 	 -2.925290 	 0.712320 

 181.984945 	 -0.626803 	 -0.322188 	 -0.105286 	 3.546506 	 -5.933290 	 -2.893837 	 0.712582 

 182.984873 	 -0.617093 	 -0.338434 	 -0.113209 	 3.730646 	 -5.832302 	 -2.860056 	 0.712851 

 183.984790 	 -0.606878 	 -0.354402 	 -0.121040 	 3.911526 	 -5.726672 	 -2.823980 	 0.713129 

 184.984708 	 -0.596168 	 -0.370082 	 -0.128772 	 4.089001 	 -5.616502 	 -2.785645 	 0.713414 

 185.984625 	 -0.584973 	 -0.385460 	 -0.136399 	 4.262928 	 -5.501894 	 -2.745090 	 0.713707 

 186.984542 	 -0.573301 	 -0.400524 	 -0.143915 	 4.433172 	 -5.382958 	 -2.702354 	 0.714006 

 187.984459 	 -0.561163 	 -0.415263 	 -0.151314 	 4.599596 	 -5.259803 	 -2.657479 	 0.714313 

 188.984377 	 -0.548569 	 -0.429664 	 -0.158590 	 4.762071 	 -5.132545 	 -2.610507 	 0.714626 

 189.984294 	 -0.535531 	 -0.443717 	 -0.165738 	 4.920473 	 -5.001301 	 -2.561485 	 0.714945 

 190.984211 	 -0.522058 	 -0.457411 	 -0.172751 	 5.074678 	 -4.866190 	 -2.510457 	 0.715271 

 191.984128 	 -0.508164 	 -0.470734 	 -0.179625 	 5.224572 	 -4.727338 	 -2.457473 	 0.715602 

 192.984045 	 -0.493859 	 -0.483678 	 -0.186354 	 5.370040 	 -4.584869 	 -2.402582 	 0.715939 

 193.983963 	 -0.479156 	 -0.496231 	 -0.192932 	 5.510975 	 -4.438911 	 -2.345835 	 0.716281 

 194.983880 	 -0.464067 	 -0.508385 	 -0.199355 	 5.647274 	 -4.289595 	 -2.287283 	 0.716628 

 195.983797 	 -0.448605 	 -0.520130 	 -0.205617 	 5.778838 	 -4.137055 	 -2.226981 	 0.716979 

 196.983714 	 -0.432782 	 -0.531457 	 -0.211715 	 5.905573 	 -3.981425 	 -2.164983 	 0.717335 

 197.983632 	 -0.416613 	 -0.542358 	 -0.217643 	 6.027389 	 -3.822841 	 -2.101345 	 0.717695 

 198.983549 	 -0.400110 	 -0.552825 	 -0.223396 	 6.144202 	 -3.661442 	 -2.036124 	 0.718059 

 199.983466 	 -0.383287 	 -0.562850 	 -0.228971 	 6.255932 	 -3.497369 	 -1.969378 	 0.718427 

 200.983383 	 -0.366158 	 -0.572426 	 -0.234363 	 6.362504 	 -3.330761 	 -1.901165 	 0.718797 

 201.983300 	 -0.348738 	 -0.581546 	 -0.239568 	 6.463848 	 -3.161764 	 -1.831546 	 0.719170 

 202.983218 	 -0.331040 	 -0.590202 	 -0.244583 	 6.559898 	 -2.990519 	 -1.760581 	 0.719546 

 203.983135 	 -0.313079 	 -0.598390 	 -0.249404 	 6.650593 	 -2.817172 	 -1.688332 	 0.719925 

 204.983052 	 -0.294869 	 -0.606104 	 -0.254026 	 6.735878 	 -2.641868 	 -1.614860 	 0.720305 

 205.982969 	 -0.276426 	 -0.613337 	 -0.258448 	 6.815702 	 -2.464754 	 -1.540228 	 0.720687 

 206.982887 	 -0.257765 	 -0.620086 	 -0.262665 	 6.890018 	 -2.285977 	 -1.464498 	 0.721070 

 207.982804 	 -0.238900 	 -0.626345 	 -0.266675 	 6.958786 	 -2.105683 	 -1.387736 	 0.721454 

 208.982721 	 -0.219847 	 -0.632110 	 -0.270474 	 7.021968 	 -1.924021 	 -1.310005 	 0.721840 

 209.982638 	 -0.200621 	 -0.637378 	 -0.274061 	 7.079532 	 -1.741139 	 -1.231368 	 0.722225 

 210.982555 	 -0.181237 	 -0.642145 	 -0.277433 	 7.131451 	 -1.557183 	 -1.151892 	 0.722611 

 211.982473 	 -0.161711 	 -0.646409 	 -0.280587 	 7.177702 	 -1.372302 	 -1.071641 	 0.722996 

 212.982390 	 -0.142059 	 -0.650166 	 -0.283521 	 7.218268 	 -1.186643 	 -0.990680 	 0.723382 

 213.982307 	 -0.122295 	 -0.653415 	 -0.286233 	 7.253134 	 -1.000354 	 -0.909075 	 0.723766 

 214.982224 	 -0.102436 	 -0.656154 	 -0.288722 	 7.282292 	 -0.813581 	 -0.826890 	 0.724149 

 215.982142 	 -0.082497 	 -0.658382 	 -0.290986 	 7.305738 	 -0.626470 	 -0.744192 	 0.724531 

 216.982059 	 -0.062494 	 -0.660097 	 -0.293024 	 7.323471 	 -0.439166 	 -0.661046 	 0.724912 

 217.981976 	 -0.042442 	 -0.661300 	 -0.294834 	 7.335495 	 -0.251815 	 -0.577518 	 0.725290 

 218.981893 	 -0.022358 	 -0.661989 	 -0.296415 	 7.341819 	 -0.064560 	 -0.493672 	 0.725666 

 219.981810 	 -0.002256 	 -0.662166 	 -0.297767 	 7.342456 	 0.122456 	 -0.409573 	 0.726040 

 220.981728 	 0.017848 	 -0.661831 	 -0.298888 	 7.337423 	 0.309091 	 -0.325287 	 0.726411 

 221.981645 	 0.037938 	 -0.660984 	 -0.299779 	 7.326741 	 0.495205 	 -0.240878 	 0.726778 

 222.981562 	 0.057998 	 -0.659628 	 -0.300438 	 7.310435 	 0.680658 	 -0.156411 	 0.727143 

 223.981479 	 0.078014 	 -0.657765 	 -0.300867 	 7.288534 	 0.865312 	 -0.071949 	 0.727504 

 224.981397 	 0.097970 	 -0.655396 	 -0.301064 	 7.261071 	 1.049030 	 0.012444 	 0.727860 

 225.981314 	 0.117851 	 -0.652523 	 -0.301029 	 7.228084 	 1.231678 	 0.096705 	 0.728213 

 226.981231 	 0.137642 	 -0.649151 	 -0.300765 	 7.189612 	 1.413121 	 0.180772 	 0.728561 

 227.981148 	 0.157327 	 -0.645282 	 -0.300270 	 7.145700 	 1.593227 	 0.264581 	 0.728905 

 228.981065 	 0.176892 	 -0.640920 	 -0.299545 	 7.096395 	 1.771868 	 0.348072 	 0.729243 

 229.980983 	 0.196322 	 -0.636068 	 -0.298592 	 7.041751 	 1.948913 	 0.431183 	 0.729577 

 230.980900 	 0.215602 	 -0.630732 	 -0.297412 	 6.981820 	 2.124236 	 0.513854 	 0.729905 

 231.980817 	 0.234718 	 -0.624916 	 -0.296005 	 6.916663 	 2.297713 	 0.596025 	 0.730227 

 232.980734 	 0.253656 	 -0.618625 	 -0.294373 	 6.846339 	 2.469220 	 0.677637 	 0.730543 

 233.980651 	 0.272401 	 -0.611864 	 -0.292518 	 6.770915 	 2.638637 	 0.758631 	 0.730853 

 234.980569 	 0.290940 	 -0.604639 	 -0.290440 	 6.690458 	 2.805845 	 0.838950 	 0.731157 

 235.980486 	 0.309259 	 -0.596957 	 -0.288143 	 6.605039 	 2.970728 	 0.918537 	 0.731454 

 236.980403 	 0.327343 	 -0.588823 	 -0.285628 	 6.514732 	 3.133171 	 0.997335 	 0.731744 

 237.980320 	 0.345180 	 -0.580245 	 -0.282898 	 6.419616 	 3.293061 	 1.075289 	 0.732028 

 238.980238 	 0.362757 	 -0.571228 	 -0.279954 	 6.319768 	 3.450289 	 1.152345 	 0.732304 

 239.980155 	 0.380061 	 -0.561781 	 -0.276798 	 6.215273 	 3.604746 	 1.228449 	 0.732572 

 240.980072 	 0.397078 	 -0.551911 	 -0.273435 	 6.106216 	 3.756328 	 1.303547 	 0.732833 

 241.979989 	 0.413797 	 -0.541627 	 -0.269866 	 5.992685 	 3.904932 	 1.377589 	 0.733086 

 242.979906 	 0.430205 	 -0.530935 	 -0.266094 	 5.874770 	 4.050456 	 1.450523 	 0.733331 

 243.979824 	 0.446290 	 -0.519845 	 -0.262122 	 5.752565 	 4.192802 	 1.522298 	 0.733568 

 244.979741 	 0.462041 	 -0.508365 	 -0.257954 	 5.626165 	 4.331875 	 1.592866 	 0.733796 

 245.979658 	 0.477445 	 -0.496504 	 -0.253593 	 5.495668 	 4.467581 	 1.662179 	 0.734016 

 246.979575 	 0.492492 	 -0.484272 	 -0.249042 	 5.361175 	 4.599829 	 1.730189 	 0.734227 

 247.979493 	 0.507171 	 -0.471678 	 -0.244305 	 5.222787 	 4.728532 	 1.796851 	 0.734430 

 248.979410 	 0.521471 	 -0.458731 	 -0.239385 	 5.080610 	 4.853603 	 1.862118 	 0.734623 

 249.979327 	 0.535382 	 -0.445442 	 -0.234287 	 4.934751 	 4.974959 	 1.925947 	 0.734808 

 250.979244 	 0.548893 	 -0.431820 	 -0.229013 	 4.785317 	 5.092521 	 1.988295 	 0.734983 

 251.979161 	 0.561995 	 -0.417877 	 -0.223569 	 4.632419 	 5.206209 	 2.049120 	 0.735149 

 252.979079 	 0.574679 	 -0.403622 	 -0.217959 	 4.476170 	 5.315949 	 2.108381 	 0.735305 

 253.978996 	 0.586935 	 -0.389067 	 -0.212186 	 4.316685 	 5.421669 	 2.166037 	 0.735451 

 254.978913 	 0.598754 	 -0.374223 	 -0.206256 	 4.154079 	 5.523298 	 2.222051 	 0.735588 

 255.978830 	 0.610128 	 -0.359100 	 -0.200172 	 3.988470 	 5.620770 	 2.276384 	 0.735716 

 256.978748 	 0.621048 	 -0.343710 	 -0.193939 	 3.819977 	 5.714020 	 2.329000 	 0.735833 

 257.978665 	 0.631507 	 -0.328065 	 -0.187562 	 3.648722 	 5.802987 	 2.379864 	 0.735940 

 258.978582 	 0.641497 	 -0.312177 	 -0.181046 	 3.474826 	 5.887611 	 2.428942 	 0.736037 

 259.978499 	 0.651012 	 -0.296057 	 -0.174395 	 3.298414 	 5.967836 	 2.476200 	 0.736124 

 260.978416 	 0.660043 	 -0.279717 	 -0.167616 	 3.119611 	 6.043611 	 2.521606 	 0.736201 

 261.978334 	 0.668584 	 -0.263169 	 -0.160712 	 2.938543 	 6.114883 	 2.565131 	 0.736268 

 262.978251 	 0.676630 	 -0.246427 	 -0.153688 	 2.755339 	 6.181605 	 2.606743 	 0.736325 

 263.978168 	 0.684174 	 -0.229501 	 -0.146551 	 2.570126 	 6.243734 	 2.646416 	 0.736371 

 264.978085 	 0.691211 	 -0.212406 	 -0.139305 	 2.383036 	 6.301226 	 2.684122 	 0.736407 

 265.978003 	 0.697736 	 -0.195153 	 -0.131956 	 2.194200 	 6.354042 	 2.719834 	 0.736432 

 266.977920 	 0.703743 	 -0.177756 	 -0.124509 	 2.003749 	 6.402147 	 2.753530 	 0.736447 

 267.977837 	 0.709230 	 -0.160227 	 -0.116970 	 1.811817 	 6.445508 	 2.785184 	 0.736452 

 268.977754 	 0.714190 	 -0.142579 	 -0.109344 	 1.618539 	 6.484094 	 2.814775 	 0.736446 

 269.977671 	 0.718622 	 -0.124826 	 -0.101637 	 1.424048 	 6.517877 	 2.842283 	 0.736430 

 270.977589 	 0.722521 	 -0.106980 	 -0.093855 	 1.228480 	 6.546834 	 2.867687 	 0.736403 

 271.977506 	 0.725885 	 -0.089054 	 -0.086003 	 1.031973 	 6.570942 	 2.890969 	 0.736367 

 272.977423 	 0.728710 	 -0.071063 	 -0.078088 	 0.834663 	 6.590183 	 2.912113 	 0.736319 

 273.977340 	 0.730995 	 -0.053019 	 -0.070114 	 0.636688 	 6.604543 	 2.931102 	 0.736262 

 274.977258 	 0.732739 	 -0.034936 	 -0.062089 	 0.438185 	 6.614007 	 2.947922 	 0.736194 

 275.977175 	 0.733938 	 -0.016827 	 -0.054018 	 0.239295 	 6.618567 	 2.962560 	 0.736116 

 276.977092 	 0.734594 	 0.001295 	 -0.045906 	 0.040155 	 6.618216 	 2.975005 	 0.736028 

 277.977009 	 0.734704 	 0.019415 	 -0.037761 	 -0.159094 	 6.612951 	 2.985246 	 0.735929 

 278.976926 	 0.734268 	 0.037522 	 -0.029587 	 -0.358313 	 6.602770 	 2.993273 	 0.735821 

 279.976844 	 0.733287 	 0.055600 	 -0.021391 	 -0.557362 	 6.587678 	 2.999080 	 0.735703 

 280.976761 	 0.731761 	 0.073637 	 -0.013180 	 -0.756101 	 6.567679 	 3.002659 	 0.735575 

 281.976678 	 0.729691 	 0.091619 	 -0.004959 	 -0.954388 	 6.542782 	 3.004007 	 0.735437 

 282.976595 	 0.727078 	 0.109534 	 0.003266 	 -1.152085 	 6.512999 	 3.003119 	 0.735289 

 283.976513 	 0.723923 	 0.127366 	 0.011489 	 -1.349050 	 6.478345 	 2.999993 	 0.735132 

 284.976430 	 0.720229 	 0.145104 	 0.019703 	 -1.545144 	 6.438838 	 2.994628 	 0.734965 

 285.976347 	 0.715999 	 0.162733 	 0.027902 	 -1.740226 	 6.394500 	 2.987026 	 0.734789 

 286.976264 	 0.711234 	 0.180242 	 0.036081 	 -1.934157 	 6.345354 	 2.977188 	 0.734604 

 287.976181 	 0.705938 	 0.197615 	 0.044232 	 -2.126796 	 6.291428 	 2.965118 	 0.734409 

 288.976099 	 0.700115 	 0.214841 	 0.052351 	 -2.318005 	 6.232752 	 2.950820 	 0.734206 

 289.976016 	 0.693769 	 0.231906 	 0.060430 	 -2.507646 	 6.169361 	 2.934302 	 0.733994 

 290.975933 	 0.686903 	 0.248798 	 0.068464 	 -2.695579 	 6.101291 	 2.915570 	 0.733773 

 291.975850 	 0.679522 	 0.265503 	 0.076447 	 -2.881667 	 6.028583 	 2.894635 	 0.733544 

 292.975768 	 0.671632 	 0.282010 	 0.084372 	 -3.065773 	 5.951279 	 2.871507 	 0.733306 

 293.975685 	 0.663238 	 0.298304 	 0.092235 	 -3.247761 	 5.869426 	 2.846199 	 0.733060 

 294.975602 	 0.654346 	 0.314375 	 0.100028 	 -3.427496 	 5.783074 	 2.818723 	 0.732806 

 295.975519 	 0.644961 	 0.330209 	 0.107745 	 -3.604844 	 5.692275 	 2.789096 	 0.732545 

 296.975436 	 0.635091 	 0.345794 	 0.115382 	 -3.779670 	 5.597086 	 2.757334 	 0.732275 

 297.975354 	 0.624742 	 0.361119 	 0.122931 	 -3.951842 	 5.497566 	 2.723456 	 0.731999 

 298.975271 	 0.613922 	 0.376171 	 0.130388 	 -4.121229 	 5.393776 	 2.687480 	 0.731715 

 299.975188 	 0.602638 	 0.390940 	 0.137746 	 -4.287702 	 5.285783 	 2.649429 	 0.731424 

 300.975105 	 0.590899 	 0.405412 	 0.145001 	 -4.451131 	 5.173655 	 2.609325 	 0.731126 

 301.975023 	 0.578711 	 0.419577 	 0.152145 	 -4.611389 	 5.057465 	 2.567193 	 0.730822 

 302.974940 	 0.566085 	 0.433425 	 0.159174 	 -4.768352 	 4.937286 	 2.523058 	 0.730511 

 303.974857 	 0.553030 	 0.446943 	 0.166082 	 -4.921894 	 4.813198 	 2.476947 	 0.730194 

 304.974774 	 0.539553 	 0.460122 	 0.172864 	 -5.071893 	 4.685281 	 2.428890 	 0.729871 

 305.974691 	 0.525667 	 0.472950 	 0.179514 	 -5.218229 	 4.553620 	 2.378916 	 0.729543 

 306.974609 	 0.511379 	 0.485418 	 0.186028 	 -5.360783 	 4.418303 	 2.327058 	 0.729209 

 307.974526 	 0.496701 	 0.497515 	 0.192399 	 -5.499439 	 4.279420 	 2.273349 	 0.728870 

 308.974443 	 0.481644 	 0.509232 	 0.198624 	 -5.634083 	 4.137064 	 2.217824 	 0.728526 

 309.974360 	 0.466218 	 0.520559 	 0.204696 	 -5.764601 	 3.991333 	 2.160519 	 0.728177 

 310.974278 	 0.450434 	 0.531488 	 0.210612 	 -5.890884 	 3.842326 	 2.101472 	 0.727824 

 311.974195 	 0.434305 	 0.542008 	 0.216365 	 -6.012825 	 3.690145 	 2.040723 	 0.727466 

 312.974112 	 0.417842 	 0.552112 	 0.221953 	 -6.130319 	 3.534896 	 1.978312 	 0.727105 

 313.974029 	 0.401057 	 0.561790 	 0.227369 	 -6.243262 	 3.376688 	 1.914281 	 0.726741 

 314.973946 	 0.383963 	 0.571035 	 0.232611 	 -6.351556 	 3.215631 	 1.848675 	 0.726372 

 315.973864 	 0.366572 	 0.579840 	 0.237672 	 -6.455104 	 3.051841 	 1.781538 	 0.726001 

 316.973781 	 0.348898 	 0.588196 	 0.242550 	 -6.553812 	 2.885433 	 1.712918 	 0.725627 

 317.973698 	 0.330954 	 0.596096 	 0.247240 	 -6.647589 	 2.716527 	 1.642862 	 0.725251 

 318.973615 	 0.312753 	 0.603534 	 0.251738 	 -6.736347 	 2.545245 	 1.571419 	 0.724872 

 319.973533 	 0.294309 	 0.610503 	 0.256041 	 -6.820003 	 2.371713 	 1.498641 	 0.724492 

 320.973450 	 0.275636 	 0.616997 	 0.260144 	 -6.898475 	 2.196057 	 1.424579 	 0.724110 

 321.973367 	 0.256748 	 0.623009 	 0.264045 	 -6.971686 	 2.018407 	 1.349287 	 0.723726 

 322.973284 	 0.237659 	 0.628536 	 0.267739 	 -7.039562 	 1.838896 	 1.272820 	 0.723342 

 323.973201 	 0.218385 	 0.633571 	 0.271224 	 -7.102033 	 1.657657 	 1.195234 	 0.722957 

 324.973119 	 0.198939 	 0.638109 	 0.274497 	 -7.159033 	 1.474827 	 1.116586 	 0.722571 

 325.973036 	 0.179338 	 0.642147 	 0.277554 	 -7.210499 	 1.290546 	 1.036934 	 0.722185 

 326.972953 	 0.159596 	 0.645681 	 0.280393 	 -7.256373 	 1.104953 	 0.956339 	 0.721800 

 327.972870 	 0.139728 	 0.648706 	 0.283011 	 -7.296600 	 0.918192 	 0.874860 	 0.721415 

 328.972787 	 0.119750 	 0.651220 	 0.285407 	 -7.331131 	 0.730407 	 0.792561 	 0.721030 

 329.972705 	 0.099677 	 0.653220 	 0.287577 	 -7.359919 	 0.541745 	 0.709503 	 0.720647 

 330.972622 	 0.079526 	 0.654703 	 0.289519 	 -7.382924 	 0.352354 	 0.625752 	 0.720266 

 331.972539 	 0.059311 	 0.655668 	 0.291233 	 -7.400109 	 0.162383 	 0.541371 	 0.719886 

 332.972456 	 0.039050 	 0.656113 	 0.292715 	 -7.411441 	 -0.028017 	 0.456427 	 0.719507 

 333.972374 	 0.018757 	 0.656036 	 0.293965 	 -7.416892 	 -0.218692 	 0.370987 	 0.719132 

 334.972291 	 -0.001550 	 0.655437 	 0.294980 	 -7.416441 	 -0.409491 	 0.285118 	 0.718759 

 335.972208 	 -0.021857 	 0.654316 	 0.295761 	 -7.410069 	 -0.600258 	 0.198888 	 0.718388 

 336.972125 	 -0.042145 	 0.652673 	 0.296306 	 -7.397762 	 -0.790837 	 0.112367 	 0.718021 

 337.972042 	 -0.062400 	 0.650507 	 0.296613 	 -7.379514 	 -0.981073 	 0.025625 	 0.717658 

 338.971960 	 -0.082606 	 0.647821 	 0.296683 	 -7.355320 	 -1.170809 	 -0.061268 	 0.717298 

 339.971877 	 -0.102744 	 0.644615 	 0.296516 	 -7.325183 	 -1.359886 	 -0.148242 	 0.716943 

 340.971794 	 -0.122801 	 0.640892 	 0.296110 	 -7.289111 	 -1.548148 	 -0.235224 	 0.716592 

 341.971711 	 -0.142758 	 0.636653 	 0.295466 	 -7.247115 	 -1.735437 	 -0.322143 	 0.716245 

 342.971629 	 -0.162601 	 0.631902 	 0.294584 	 -7.199213 	 -1.921593 	 -0.408927 	 0.715904 

 343.971546 	 -0.182312 	 0.626640 	 0.293464 	 -7.145428 	 -2.106460 	 -0.495502 	 0.715568 

 344.971463 	 -0.201877 	 0.620873 	 0.292107 	 -7.085789 	 -2.289880 	 -0.581798 	 0.715237 

 345.971380 	 -0.221277 	 0.614603 	 0.290514 	 -7.020330 	 -2.471695 	 -0.667739 	 0.714912 

 346.971297 	 -0.240499 	 0.607836 	 0.288686 	 -6.949089 	 -2.651749 	 -0.753254 	 0.714593 

 347.971215 	 -0.259526 	 0.600575 	 0.286624 	 -6.872111 	 -2.829885 	 -0.838269 	 0.714281 

 348.971132 	 -0.278342 	 0.592827 	 0.284329 	 -6.789446 	 -3.005950 	 -0.922713 	 0.713975 

 349.971049 	 -0.296931 	 0.584597 	 0.281802 	 -6.701149 	 -3.179788 	 -1.006511 	 0.713676 

 350.970966 	 -0.315279 	 0.575890 	 0.279046 	 -6.607281 	 -3.351248 	 -1.089591 	 0.713384 

 351.970884 	 -0.333370 	 0.566715 	 0.276063 	 -6.507909 	 -3.520178 	 -1.171882 	 0.713100 

 352.970801 	 -0.351188 	 0.557076 	 0.272855 	 -6.403102 	 -3.686428 	 -1.253311 	 0.712823 

 353.970718 	 -0.368720 	 0.546983 	 0.269423 	 -6.292939 	 -3.849851 	 -1.333807 	 0.712554 

 354.970635 	 -0.385950 	 0.536442 	 0.265771 	 -6.177502 	 -4.010301 	 -1.413299 	 0.712293 

 355.970552 	 -0.402864 	 0.525462 	 0.261901 	 -6.056877 	 -4.167634 	 -1.491717 	 0.712041 

 356.970470 	 -0.419448 	 0.514051 	 0.257817 	 -5.931157 	 -4.321709 	 -1.568992 	 0.711797 

 357.970387 	 -0.435687 	 0.502218 	 0.253521 	 -5.800440 	 -4.472387 	 -1.645054 	 0.711561 

 358.970304 	 -0.451569 	 0.489973 	 0.249017 	 -5.664829 	 -4.619531 	 -1.719837 	 0.711335 

 359.970221 	 -0.467079 	 0.477324 	 0.244308 	 -5.524431 	 -4.763008 	 -1.793272 	 0.711117 

 360.970139 	 -0.482205 	 0.464283 	 0.239398 	 -5.379360 	 -4.902688 	 -1.865295 	 0.710909 

 361.970056 	 -0.496934 	 0.450860 	 0.234291 	 -5.229732 	 -5.038443 	 -1.935841 	 0.710711 

 362.969973 	 -0.511253 	 0.437064 	 0.228991 	 -5.075670 	 -5.170149 	 -2.004846 	 0.710522 

 363.969890 	 -0.525150 	 0.422909 	 0.223501 	 -4.917300 	 -5.297686 	 -2.072247 	 0.710343 

 364.969807 	 -0.538613 	 0.408404 	 0.217828 	 -4.754754 	 -5.420937 	 -2.137984 	 0.710174 

 365.969746 	 -0.551632 	 0.393561 	 0.211974 	 -4.588167 	 -5.539788 	 -2.201998 	 0.710015 
