  año		   x		  y		  z		 vx		 vy		  vz		r 

 0.000000 	 -0.820377 	 -1.183932 	 -0.520870 	 4.505429 	 -2.044963 	 -1.059713 	 1.531672 

 0.999918 	 -0.808041 	 -1.189531 	 -0.523771 	 4.529794 	 -2.009094 	 -1.043919 	 1.530442 

 1.999835 	 -0.795639 	 -1.195032 	 -0.526629 	 4.553844 	 -1.972972 	 -1.028001 	 1.529210 

 2.999753 	 -0.783170 	 -1.200434 	 -0.529444 	 4.577574 	 -1.936598 	 -1.011959 	 1.527976 

 3.999670 	 -0.770637 	 -1.205737 	 -0.532215 	 4.600981 	 -1.899976 	 -0.995793 	 1.526740 

 4.999588 	 -0.758040 	 -1.210939 	 -0.534941 	 4.624062 	 -1.863105 	 -0.979506 	 1.525503 

 5.999505 	 -0.745379 	 -1.216040 	 -0.537623 	 4.646812 	 -1.825989 	 -0.963096 	 1.524264 

 6.999423 	 -0.732656 	 -1.221039 	 -0.540260 	 4.669229 	 -1.788630 	 -0.946566 	 1.523024 

 7.999340 	 -0.719872 	 -1.225937 	 -0.542852 	 4.691309 	 -1.751029 	 -0.929916 	 1.521783 

 8.999258 	 -0.707027 	 -1.230731 	 -0.545398 	 4.713047 	 -1.713188 	 -0.913147 	 1.520541 

 9.999175 	 -0.694122 	 -1.235422 	 -0.547898 	 4.734442 	 -1.675109 	 -0.896259 	 1.519298 

 10.999092 	 -0.681160 	 -1.240008 	 -0.550352 	 4.755488 	 -1.636795 	 -0.879255 	 1.518053 

 11.999009 	 -0.668139 	 -1.244490 	 -0.552760 	 4.776183 	 -1.598248 	 -0.862133 	 1.516808 

 12.998927 	 -0.655062 	 -1.248866 	 -0.555120 	 4.796524 	 -1.559470 	 -0.844896 	 1.515563 

 13.998844 	 -0.641929 	 -1.253136 	 -0.557433 	 4.816505 	 -1.520463 	 -0.827545 	 1.514316 

 14.998761 	 -0.628741 	 -1.257299 	 -0.559699 	 4.836125 	 -1.481230 	 -0.810080 	 1.513069 

 15.998678 	 -0.615500 	 -1.261354 	 -0.561917 	 4.855379 	 -1.441772 	 -0.792502 	 1.511822 

 16.998595 	 -0.602206 	 -1.265302 	 -0.564087 	 4.874263 	 -1.402093 	 -0.774813 	 1.510574 

 17.998513 	 -0.588860 	 -1.269141 	 -0.566209 	 4.892775 	 -1.362195 	 -0.757013 	 1.509327 

 18.998430 	 -0.575464 	 -1.272870 	 -0.568281 	 4.910911 	 -1.322080 	 -0.739103 	 1.508079 

 19.998347 	 -0.562018 	 -1.276490 	 -0.570305 	 4.928668 	 -1.281751 	 -0.721085 	 1.506831 

 20.998264 	 -0.548523 	 -1.280000 	 -0.572279 	 4.946041 	 -1.241211 	 -0.702960 	 1.505583 

 21.998182 	 -0.534981 	 -1.283398 	 -0.574204 	 4.963027 	 -1.200461 	 -0.684728 	 1.504336 

 22.998099 	 -0.521392 	 -1.286685 	 -0.576079 	 4.979623 	 -1.159506 	 -0.666391 	 1.503088 

 23.998016 	 -0.507758 	 -1.289860 	 -0.577903 	 4.995825 	 -1.118347 	 -0.647951 	 1.501842 

 24.997933 	 -0.494079 	 -1.292922 	 -0.579677 	 5.011630 	 -1.076988 	 -0.629407 	 1.500596 

 25.997850 	 -0.480357 	 -1.295871 	 -0.581401 	 5.027035 	 -1.035430 	 -0.610763 	 1.499350 

 26.997768 	 -0.466593 	 -1.298706 	 -0.583073 	 5.042035 	 -0.993679 	 -0.592017 	 1.498105 

 27.997685 	 -0.452788 	 -1.301426 	 -0.584694 	 5.056628 	 -0.951735 	 -0.573173 	 1.496862 

 28.997602 	 -0.438943 	 -1.304032 	 -0.586263 	 5.070810 	 -0.909602 	 -0.554231 	 1.495619 

 29.997519 	 -0.425059 	 -1.306523 	 -0.587781 	 5.084578 	 -0.867284 	 -0.535193 	 1.494377 

 30.997437 	 -0.411138 	 -1.308897 	 -0.589246 	 5.097928 	 -0.824783 	 -0.516060 	 1.493137 

 31.997354 	 -0.397180 	 -1.311156 	 -0.590659 	 5.110857 	 -0.782102 	 -0.496833 	 1.491898 

 32.997271 	 -0.383186 	 -1.313297 	 -0.592019 	 5.123361 	 -0.739245 	 -0.477513 	 1.490660 

 33.997188 	 -0.369158 	 -1.315321 	 -0.593327 	 5.135438 	 -0.696215 	 -0.458103 	 1.489424 

 34.997105 	 -0.355098 	 -1.317227 	 -0.594581 	 5.147084 	 -0.653016 	 -0.438603 	 1.488190 

 35.997023 	 -0.341005 	 -1.319015 	 -0.595782 	 5.158295 	 -0.609650 	 -0.419015 	 1.486957 

 36.996940 	 -0.326881 	 -1.320684 	 -0.596929 	 5.169069 	 -0.566121 	 -0.399341 	 1.485726 

 37.996857 	 -0.312729 	 -1.322234 	 -0.598023 	 5.179402 	 -0.522433 	 -0.379582 	 1.484498 

 38.996774 	 -0.298547 	 -1.323665 	 -0.599062 	 5.189291 	 -0.478589 	 -0.359739 	 1.483271 

 39.996692 	 -0.284339 	 -1.324975 	 -0.600047 	 5.198732 	 -0.434593 	 -0.339814 	 1.482047 

 40.996609 	 -0.270105 	 -1.326165 	 -0.600977 	 5.207723 	 -0.390448 	 -0.319809 	 1.480826 

 41.996526 	 -0.255846 	 -1.327234 	 -0.601853 	 5.216261 	 -0.346159 	 -0.299725 	 1.479606 

 42.996443 	 -0.241564 	 -1.328182 	 -0.602674 	 5.224342 	 -0.301728 	 -0.279565 	 1.478390 

 43.996360 	 -0.227260 	 -1.329008 	 -0.603439 	 5.231963 	 -0.257160 	 -0.259328 	 1.477176 

 44.996278 	 -0.212935 	 -1.329712 	 -0.604149 	 5.239121 	 -0.212458 	 -0.239018 	 1.475965 

 45.996198 	 -0.198590 	 -1.330294 	 -0.604804 	 5.245814 	 -0.167627 	 -0.218636 	 1.474757 

 46.996115 	 -0.184227 	 -1.330753 	 -0.605402 	 5.252038 	 -0.122670 	 -0.198184 	 1.473552 

 47.996032 	 -0.169847 	 -1.331089 	 -0.605945 	 5.257790 	 -0.077592 	 -0.177663 	 1.472350 

 48.995949 	 -0.155451 	 -1.331301 	 -0.606431 	 5.263067 	 -0.032396 	 -0.157076 	 1.471151 

 49.995866 	 -0.141041 	 -1.331390 	 -0.606861 	 5.267867 	 0.012913 	 -0.136424 	 1.469957 

 50.995784 	 -0.126617 	 -1.331355 	 -0.607235 	 5.272186 	 0.058331 	 -0.115708 	 1.468765 

 51.995701 	 -0.112182 	 -1.331195 	 -0.607552 	 5.276023 	 0.103854 	 -0.094932 	 1.467577 

 52.995618 	 -0.097736 	 -1.330910 	 -0.607812 	 5.279373 	 0.149478 	 -0.074096 	 1.466394 

 53.995535 	 -0.083281 	 -1.330501 	 -0.608014 	 5.282235 	 0.195197 	 -0.053203 	 1.465214 

 54.995453 	 -0.068819 	 -1.329967 	 -0.608160 	 5.284605 	 0.241009 	 -0.032254 	 1.464038 

 55.995370 	 -0.054349 	 -1.329307 	 -0.608248 	 5.286482 	 0.286908 	 -0.011252 	 1.462866 

 56.995287 	 -0.039875 	 -1.328521 	 -0.608279 	 5.287862 	 0.332890 	 0.009801 	 1.461698 

 57.995204 	 -0.025397 	 -1.327610 	 -0.608252 	 5.288743 	 0.378951 	 0.030904 	 1.460535 

 58.995121 	 -0.010916 	 -1.326572 	 -0.608168 	 5.289123 	 0.425085 	 0.052054 	 1.459377 

 59.995039 	 0.003565 	 -1.325408 	 -0.608025 	 5.288998 	 0.471288 	 0.073250 	 1.458223 

 60.994956 	 0.018047 	 -1.324118 	 -0.607825 	 5.288368 	 0.517555 	 0.094488 	 1.457074 

 61.994873 	 0.032526 	 -1.322701 	 -0.607566 	 5.287229 	 0.563882 	 0.115768 	 1.455930 

 62.994790 	 0.047003 	 -1.321157 	 -0.607249 	 5.285579 	 0.610264 	 0.137087 	 1.454791 

 63.994708 	 0.061474 	 -1.319486 	 -0.606874 	 5.283415 	 0.656695 	 0.158442 	 1.453657 

 64.994625 	 0.075940 	 -1.317688 	 -0.606440 	 5.280737 	 0.703172 	 0.179832 	 1.452528 

 65.994542 	 0.090399 	 -1.315763 	 -0.605947 	 5.277541 	 0.749688 	 0.201254 	 1.451405 

 66.994459 	 0.104849 	 -1.313710 	 -0.605396 	 5.273826 	 0.796239 	 0.222706 	 1.450287 

 67.994376 	 0.119289 	 -1.311530 	 -0.604787 	 5.269589 	 0.842820 	 0.244186 	 1.449175 

 68.994294 	 0.133717 	 -1.309222 	 -0.604118 	 5.264829 	 0.889426 	 0.265691 	 1.448068 

 69.994211 	 0.148132 	 -1.306787 	 -0.603391 	 5.259544 	 0.936051 	 0.287220 	 1.446968 

 70.994128 	 0.162533 	 -1.304224 	 -0.602604 	 5.253731 	 0.982691 	 0.308769 	 1.445873 

 71.994045 	 0.176917 	 -1.301534 	 -0.601759 	 5.247390 	 1.029339 	 0.330337 	 1.444785 

 72.993963 	 0.191285 	 -1.298715 	 -0.600854 	 5.240519 	 1.075992 	 0.351921 	 1.443703 

 73.993880 	 0.205633 	 -1.295769 	 -0.599891 	 5.233116 	 1.122642 	 0.373518 	 1.442627 

 74.993797 	 0.219962 	 -1.292695 	 -0.598868 	 5.225179 	 1.169286 	 0.395127 	 1.441557 

 75.993714 	 0.234268 	 -1.289494 	 -0.597786 	 5.216707 	 1.215918 	 0.416745 	 1.440495 

 76.993631 	 0.248551 	 -1.286165 	 -0.596645 	 5.207699 	 1.262531 	 0.438368 	 1.439438 

 77.993549 	 0.262810 	 -1.282708 	 -0.595445 	 5.198154 	 1.309121 	 0.459996 	 1.438389 

 78.993466 	 0.277043 	 -1.279124 	 -0.594185 	 5.188069 	 1.355682 	 0.481624 	 1.437347 

 79.993383 	 0.291248 	 -1.275412 	 -0.592867 	 5.177445 	 1.402208 	 0.503252 	 1.436312 

 80.993300 	 0.305423 	 -1.271573 	 -0.591489 	 5.166279 	 1.448694 	 0.524875 	 1.435284 

 81.993218 	 0.319569 	 -1.267606 	 -0.590052 	 5.154571 	 1.495134 	 0.546492 	 1.434263 

 82.993135 	 0.333682 	 -1.263512 	 -0.588555 	 5.142321 	 1.541522 	 0.568100 	 1.433250 

 83.993052 	 0.347762 	 -1.259292 	 -0.587000 	 5.129526 	 1.587852 	 0.589697 	 1.432244 

 84.992969 	 0.361806 	 -1.254944 	 -0.585385 	 5.116187 	 1.634120 	 0.611279 	 1.431246 

 85.992886 	 0.375814 	 -1.250470 	 -0.583712 	 5.102303 	 1.680318 	 0.632844 	 1.430255 

 86.992804 	 0.389784 	 -1.245869 	 -0.581979 	 5.087872 	 1.726441 	 0.654389 	 1.429273 

 87.992721 	 0.403715 	 -1.241142 	 -0.580187 	 5.072896 	 1.772484 	 0.675912 	 1.428299 

 88.992638 	 0.417605 	 -1.236289 	 -0.578337 	 5.057373 	 1.818439 	 0.697410 	 1.427332 

 89.992555 	 0.431452 	 -1.231310 	 -0.576427 	 5.041302 	 1.864302 	 0.718881 	 1.426374 

 90.992473 	 0.445255 	 -1.226206 	 -0.574459 	 5.024685 	 1.910066 	 0.740320 	 1.425425 

 91.992395 	 0.459012 	 -1.220976 	 -0.572432 	 5.007520 	 1.955725 	 0.761727 	 1.424483 

 92.992312 	 0.472723 	 -1.215621 	 -0.570346 	 4.989807 	 2.001273 	 0.783097 	 1.423551 

 93.992230 	 0.486385 	 -1.210142 	 -0.568202 	 4.971547 	 2.046705 	 0.804429 	 1.422627 

 94.992147 	 0.499997 	 -1.204538 	 -0.566000 	 4.952740 	 2.092013 	 0.825719 	 1.421712 

 95.992064 	 0.513558 	 -1.198810 	 -0.563739 	 4.933385 	 2.137193 	 0.846964 	 1.420805 

 96.991981 	 0.527065 	 -1.192958 	 -0.561420 	 4.913484 	 2.182237 	 0.868163 	 1.419908 

 97.991899 	 0.540518 	 -1.186983 	 -0.559043 	 4.893037 	 2.227139 	 0.889311 	 1.419020 

 98.991816 	 0.553916 	 -1.180885 	 -0.556608 	 4.872044 	 2.271894 	 0.910406 	 1.418141 

 99.991733 	 0.567255 	 -1.174665 	 -0.554115 	 4.850505 	 2.316496 	 0.931445 	 1.417272 

 100.991650 	 0.580536 	 -1.168322 	 -0.551565 	 4.828423 	 2.360937 	 0.952426 	 1.416412 

 101.991567 	 0.593756 	 -1.161858 	 -0.548957 	 4.805796 	 2.405212 	 0.973345 	 1.415562 

 102.991485 	 0.606914 	 -1.155273 	 -0.546292 	 4.782627 	 2.449315 	 0.994200 	 1.414721 

 103.991402 	 0.620009 	 -1.148566 	 -0.543570 	 4.758917 	 2.493239 	 1.014988 	 1.413890 

 104.991319 	 0.633039 	 -1.141740 	 -0.540791 	 4.734665 	 2.536978 	 1.035705 	 1.413069 

 105.991236 	 0.646003 	 -1.134794 	 -0.537955 	 4.709875 	 2.580526 	 1.056349 	 1.412258 

 106.991154 	 0.658898 	 -1.127728 	 -0.535063 	 4.684546 	 2.623877 	 1.076917 	 1.411457 

 107.991071 	 0.671725 	 -1.120544 	 -0.532114 	 4.658681 	 2.667024 	 1.097406 	 1.410666 

 108.990988 	 0.684480 	 -1.113242 	 -0.529110 	 4.632282 	 2.709961 	 1.117814 	 1.409886 

 109.990905 	 0.697163 	 -1.105822 	 -0.526049 	 4.605348 	 2.752681 	 1.138136 	 1.409115 

 110.990822 	 0.709773 	 -1.098285 	 -0.522933 	 4.577884 	 2.795179 	 1.158371 	 1.408356 

 111.990740 	 0.722307 	 -1.090632 	 -0.519761 	 4.549889 	 2.837449 	 1.178516 	 1.407607 

 112.990657 	 0.734765 	 -1.082863 	 -0.516534 	 4.521367 	 2.879484 	 1.198566 	 1.406868 

 113.990574 	 0.747144 	 -1.074979 	 -0.513253 	 4.492320 	 2.921277 	 1.218521 	 1.406141 

 114.990491 	 0.759444 	 -1.066980 	 -0.509916 	 4.462748 	 2.962823 	 1.238376 	 1.405424 

 115.990409 	 0.771663 	 -1.058868 	 -0.506526 	 4.432656 	 3.004115 	 1.258128 	 1.404719 

 116.990326 	 0.783800 	 -1.050643 	 -0.503081 	 4.402046 	 3.045147 	 1.277776 	 1.404024 

 117.990243 	 0.795852 	 -1.042305 	 -0.499582 	 4.370919 	 3.085913 	 1.297315 	 1.403340 

 118.990160 	 0.807820 	 -1.033856 	 -0.496030 	 4.339278 	 3.126407 	 1.316744 	 1.402668 

 119.990077 	 0.819701 	 -1.025296 	 -0.492425 	 4.307127 	 3.166622 	 1.336058 	 1.402007 

 120.989995 	 0.831494 	 -1.016626 	 -0.488767 	 4.274468 	 3.206553 	 1.355256 	 1.401358 

 121.989912 	 0.843197 	 -1.007846 	 -0.485056 	 4.241304 	 3.246193 	 1.374334 	 1.400720 

 122.989829 	 0.854810 	 -0.998958 	 -0.481293 	 4.207638 	 3.285536 	 1.393289 	 1.400093 

 123.989746 	 0.866331 	 -0.989962 	 -0.477479 	 4.173473 	 3.324576 	 1.412119 	 1.399478 

 124.989664 	 0.877758 	 -0.980860 	 -0.473612 	 4.138813 	 3.363308 	 1.430821 	 1.398875 

 125.989581 	 0.889090 	 -0.971651 	 -0.469695 	 4.103660 	 3.401724 	 1.449391 	 1.398284 

 126.989498 	 0.900325 	 -0.962337 	 -0.465726 	 4.068020 	 3.439820 	 1.467828 	 1.397705 

 127.989415 	 0.911464 	 -0.952919 	 -0.461707 	 4.031894 	 3.477588 	 1.486127 	 1.397138 

 128.989332 	 0.922503 	 -0.943397 	 -0.457638 	 3.995287 	 3.515024 	 1.504287 	 1.396583 

 129.989250 	 0.933442 	 -0.933773 	 -0.453520 	 3.958203 	 3.552121 	 1.522305 	 1.396039 

 130.989167 	 0.944280 	 -0.924047 	 -0.449351 	 3.920646 	 3.588874 	 1.540177 	 1.395509 

 131.989084 	 0.955014 	 -0.914221 	 -0.445134 	 3.882619 	 3.625277 	 1.557901 	 1.394990 

 132.989001 	 0.965645 	 -0.904295 	 -0.440869 	 3.844127 	 3.661323 	 1.575475 	 1.394484 

 133.988919 	 0.976170 	 -0.894270 	 -0.436555 	 3.805174 	 3.697008 	 1.592895 	 1.393990 

 134.988836 	 0.986589 	 -0.884148 	 -0.432194 	 3.765765 	 3.732325 	 1.610159 	 1.393509 

 135.988753 	 0.996899 	 -0.873929 	 -0.427785 	 3.725903 	 3.767270 	 1.627265 	 1.393040 

 136.988670 	 1.007101 	 -0.863614 	 -0.423330 	 3.685594 	 3.801836 	 1.644208 	 1.392584 

 137.988587 	 1.017192 	 -0.853205 	 -0.418828 	 3.644842 	 3.836018 	 1.660988 	 1.392140 

 138.988505 	 1.027172 	 -0.842702 	 -0.414280 	 3.603653 	 3.869810 	 1.677601 	 1.391710 

 139.988422 	 1.037038 	 -0.832106 	 -0.409687 	 3.562030 	 3.903208 	 1.694044 	 1.391292 

 140.988339 	 1.046791 	 -0.821419 	 -0.405049 	 3.519978 	 3.936206 	 1.710315 	 1.390887 

 141.988256 	 1.056429 	 -0.810642 	 -0.400366 	 3.477504 	 3.968798 	 1.726412 	 1.390495 

 142.988173 	 1.065950 	 -0.799775 	 -0.395639 	 3.434612 	 4.000980 	 1.742332 	 1.390115 

 143.988091 	 1.075354 	 -0.788820 	 -0.390868 	 3.391307 	 4.032746 	 1.758072 	 1.389749 

 144.988008 	 1.084640 	 -0.777779 	 -0.386055 	 3.347595 	 4.064091 	 1.773631 	 1.389396 

 145.987925 	 1.093806 	 -0.766651 	 -0.381199 	 3.303482 	 4.095010 	 1.789005 	 1.389056 

 146.987842 	 1.102850 	 -0.755439 	 -0.376300 	 3.258972 	 4.125499 	 1.804192 	 1.388729 

 147.987760 	 1.111774 	 -0.744144 	 -0.371360 	 3.214071 	 4.155552 	 1.819190 	 1.388416 

 148.987677 	 1.120574 	 -0.732766 	 -0.366379 	 3.168786 	 4.185165 	 1.833996 	 1.388116 

 149.987594 	 1.129250 	 -0.721307 	 -0.361358 	 3.123122 	 4.214333 	 1.848609 	 1.387829 

 150.987511 	 1.137801 	 -0.709768 	 -0.356296 	 3.077085 	 4.243051 	 1.863025 	 1.387555 

 151.987428 	 1.146226 	 -0.698150 	 -0.351196 	 3.030680 	 4.271316 	 1.877243 	 1.387295 

 152.987346 	 1.154524 	 -0.686455 	 -0.346056 	 2.983915 	 4.299121 	 1.891260 	 1.387048 

 153.987263 	 1.162694 	 -0.674685 	 -0.340877 	 2.936795 	 4.326464 	 1.905075 	 1.386814 

 154.987180 	 1.170735 	 -0.662839 	 -0.335661 	 2.889327 	 4.353339 	 1.918684 	 1.386594 

 155.987097 	 1.178646 	 -0.650919 	 -0.330408 	 2.841517 	 4.379743 	 1.932087 	 1.386388 

 156.987015 	 1.186426 	 -0.638927 	 -0.325118 	 2.793371 	 4.405671 	 1.945280 	 1.386195 

 157.986932 	 1.194074 	 -0.626865 	 -0.319792 	 2.744895 	 4.431119 	 1.958263 	 1.386016 

 158.986849 	 1.201590 	 -0.614732 	 -0.314430 	 2.696098 	 4.456084 	 1.971032 	 1.385850 

 159.986766 	 1.208972 	 -0.602532 	 -0.309033 	 2.646984 	 4.480562 	 1.983586 	 1.385698 

 160.986683 	 1.216219 	 -0.590264 	 -0.303602 	 2.597561 	 4.504548 	 1.995924 	 1.385559 

 161.986601 	 1.223331 	 -0.577930 	 -0.298137 	 2.547835 	 4.528040 	 2.008042 	 1.385434 

 162.986518 	 1.230307 	 -0.565533 	 -0.292639 	 2.497814 	 4.551033 	 2.019940 	 1.385323 

 163.986435 	 1.237146 	 -0.553072 	 -0.287109 	 2.447504 	 4.573524 	 2.031616 	 1.385226 

 164.986352 	 1.243847 	 -0.540550 	 -0.281546 	 2.396913 	 4.595510 	 2.043067 	 1.385142 

 165.986270 	 1.250410 	 -0.527967 	 -0.275952 	 2.346047 	 4.616987 	 2.054293 	 1.385072 

 166.986187 	 1.256834 	 -0.515326 	 -0.270328 	 2.294913 	 4.637953 	 2.065291 	 1.385016 

 167.986104 	 1.263117 	 -0.502627 	 -0.264673 	 2.243519 	 4.658404 	 2.076060 	 1.384973 

 168.986021 	 1.269260 	 -0.489872 	 -0.258989 	 2.191872 	 4.678338 	 2.086599 	 1.384944 

 169.985938 	 1.275261 	 -0.477063 	 -0.253275 	 2.139979 	 4.697750 	 2.096905 	 1.384929 

 170.985856 	 1.281120 	 -0.464201 	 -0.247534 	 2.087847 	 4.716640 	 2.106978 	 1.384928 

 171.985773 	 1.286837 	 -0.451286 	 -0.241765 	 2.035484 	 4.735003 	 2.116815 	 1.384940 

 172.985690 	 1.292410 	 -0.438322 	 -0.235969 	 1.982897 	 4.752838 	 2.126417 	 1.384966 

 173.985607 	 1.297839 	 -0.425309 	 -0.230147 	 1.930094 	 4.770142 	 2.135780 	 1.385006 

 174.985525 	 1.303124 	 -0.412248 	 -0.224300 	 1.877082 	 4.786912 	 2.144905 	 1.385060 

 175.985442 	 1.308263 	 -0.399141 	 -0.218427 	 1.823869 	 4.803147 	 2.153789 	 1.385127 

 176.985359 	 1.313257 	 -0.385990 	 -0.212530 	 1.770462 	 4.818844 	 2.162433 	 1.385208 

 177.985276 	 1.318105 	 -0.372796 	 -0.206609 	 1.716869 	 4.834002 	 2.170833 	 1.385303 

 178.985193 	 1.322805 	 -0.359561 	 -0.200665 	 1.663098 	 4.848618 	 2.178990 	 1.385411 

 179.985111 	 1.327359 	 -0.346285 	 -0.194699 	 1.609155 	 4.862691 	 2.186902 	 1.385534 

 180.985028 	 1.331765 	 -0.332971 	 -0.188711 	 1.555050 	 4.876218 	 2.194569 	 1.385669 

 181.984945 	 1.336023 	 -0.319620 	 -0.182703 	 1.500789 	 4.889199 	 2.201989 	 1.385819 

 182.984873 	 1.340132 	 -0.306234 	 -0.176674 	 1.446380 	 4.901632 	 2.209162 	 1.385982 

 183.984790 	 1.344092 	 -0.292813 	 -0.170625 	 1.391831 	 4.913516 	 2.216087 	 1.386159 

 184.984708 	 1.347903 	 -0.279360 	 -0.164557 	 1.337151 	 4.924849 	 2.222763 	 1.386349 

 185.984625 	 1.351564 	 -0.265876 	 -0.158471 	 1.282346 	 4.935630 	 2.229188 	 1.386553 

 186.984542 	 1.355075 	 -0.252362 	 -0.152368 	 1.227424 	 4.945858 	 2.235364 	 1.386770 

 187.984459 	 1.358436 	 -0.238820 	 -0.146247 	 1.172394 	 4.955533 	 2.241289 	 1.387001 

 188.984377 	 1.361646 	 -0.225252 	 -0.140111 	 1.117262 	 4.964653 	 2.246961 	 1.387245 

 189.984294 	 1.364705 	 -0.211659 	 -0.133959 	 1.062038 	 4.973218 	 2.252382 	 1.387503 

 190.984211 	 1.367613 	 -0.198042 	 -0.127792 	 1.006729 	 4.981227 	 2.257550 	 1.387774 

 191.984128 	 1.370369 	 -0.184403 	 -0.121610 	 0.951342 	 4.988680 	 2.262466 	 1.388058 

 192.984045 	 1.372974 	 -0.170744 	 -0.115416 	 0.895885 	 4.995577 	 2.267127 	 1.388356 

 193.983963 	 1.375427 	 -0.157066 	 -0.109208 	 0.840367 	 5.001917 	 2.271536 	 1.388667 

 194.983880 	 1.377728 	 -0.143371 	 -0.102989 	 0.784794 	 5.007700 	 2.275690 	 1.388991 

 195.983797 	 1.379876 	 -0.129660 	 -0.096758 	 0.729176 	 5.012926 	 2.279590 	 1.389328 

 196.983714 	 1.381873 	 -0.115935 	 -0.090517 	 0.673519 	 5.017595 	 2.283235 	 1.389679 

 197.983632 	 1.383717 	 -0.102197 	 -0.084265 	 0.617832 	 5.021708 	 2.286627 	 1.390042 

 198.983549 	 1.385409 	 -0.088447 	 -0.078004 	 0.562122 	 5.025265 	 2.289763 	 1.390419 

 199.983466 	 1.386948 	 -0.074688 	 -0.071735 	 0.506396 	 5.028266 	 2.292646 	 1.390808 

 200.983383 	 1.388334 	 -0.060921 	 -0.065458 	 0.450664 	 5.030711 	 2.295273 	 1.391211 

 201.983300 	 1.389568 	 -0.047146 	 -0.059173 	 0.394932 	 5.032602 	 2.297647 	 1.391626 

 202.983218 	 1.390649 	 -0.033367 	 -0.052882 	 0.339208 	 5.033939 	 2.299766 	 1.392055 

 203.983135 	 1.391578 	 -0.019584 	 -0.046585 	 0.283500 	 5.034723 	 2.301630 	 1.392495 

 204.983052 	 1.392354 	 -0.005799 	 -0.040284 	 0.227815 	 5.034955 	 2.303242 	 1.392949 

 205.982969 	 1.392978 	 0.007986 	 -0.033977 	 0.172161 	 5.034636 	 2.304599 	 1.393415 

 206.982887 	 1.393450 	 0.021771 	 -0.027667 	 0.116546 	 5.033767 	 2.305703 	 1.393894 

 207.982804 	 1.393769 	 0.035554 	 -0.021354 	 0.060976 	 5.032350 	 2.306555 	 1.394386 

 208.982721 	 1.393936 	 0.049332 	 -0.015039 	 0.005460 	 5.030385 	 2.307154 	 1.394889 

 209.982638 	 1.393951 	 0.063106 	 -0.008722 	 -0.049994 	 5.027874 	 2.307501 	 1.395406 

 210.982555 	 1.393814 	 0.076872 	 -0.002404 	 -0.105381 	 5.024820 	 2.307596 	 1.395934 

 211.982473 	 1.393525 	 0.090630 	 0.003914 	 -0.160691 	 5.021223 	 2.307441 	 1.396475 

 212.982390 	 1.393085 	 0.104378 	 0.010232 	 -0.215919 	 5.017085 	 2.307035 	 1.397027 

 213.982307 	 1.392494 	 0.118115 	 0.016549 	 -0.271056 	 5.012408 	 2.306380 	 1.397592 

 214.982224 	 1.391752 	 0.131839 	 0.022863 	 -0.326096 	 5.007194 	 2.305476 	 1.398169 

 215.982142 	 1.390859 	 0.145548 	 0.029176 	 -0.381031 	 5.001445 	 2.304323 	 1.398758 

 216.982059 	 1.389816 	 0.159242 	 0.035485 	 -0.435854 	 4.995164 	 2.302924 	 1.399359 

 217.981976 	 1.388622 	 0.172919 	 0.041790 	 -0.490558 	 4.988352 	 2.301277 	 1.399971 

 218.981893 	 1.387279 	 0.186577 	 0.048091 	 -0.545136 	 4.981011 	 2.299385 	 1.400595 

 219.981810 	 1.385787 	 0.200215 	 0.054387 	 -0.599581 	 4.973145 	 2.297249 	 1.401231 

 220.981728 	 1.384145 	 0.213832 	 0.060677 	 -0.653887 	 4.964756 	 2.294868 	 1.401878 

 221.981645 	 1.382355 	 0.227425 	 0.066960 	 -0.708046 	 4.955845 	 2.292245 	 1.402537 

 222.981562 	 1.380416 	 0.240994 	 0.073236 	 -0.762051 	 4.946417 	 2.289379 	 1.403207 

 223.981479 	 1.378329 	 0.254538 	 0.079505 	 -0.815897 	 4.936473 	 2.286273 	 1.403888 

 224.981397 	 1.376096 	 0.268054 	 0.085765 	 -0.869575 	 4.926017 	 2.282928 	 1.404581 

 225.981314 	 1.373715 	 0.281541 	 0.092015 	 -0.923081 	 4.915051 	 2.279344 	 1.405284 

 226.981231 	 1.371187 	 0.294998 	 0.098256 	 -0.976406 	 4.903579 	 2.275523 	 1.405999 

 227.981148 	 1.368514 	 0.308424 	 0.104486 	 -1.029545 	 4.891603 	 2.271466 	 1.406724 

 228.981065 	 1.365695 	 0.321818 	 0.110706 	 -1.082492 	 4.879126 	 2.267174 	 1.407461 

 229.980983 	 1.362731 	 0.335177 	 0.116913 	 -1.135240 	 4.866152 	 2.262648 	 1.408207 

 230.980900 	 1.359623 	 0.348500 	 0.123108 	 -1.187782 	 4.852685 	 2.257891 	 1.408965 

 231.980817 	 1.356371 	 0.361787 	 0.129291 	 -1.240113 	 4.838726 	 2.252902 	 1.409733 

 232.980734 	 1.352975 	 0.375035 	 0.135459 	 -1.292227 	 4.824281 	 2.247685 	 1.410511 

 233.980651 	 1.349437 	 0.388244 	 0.141613 	 -1.344118 	 4.809351 	 2.242239 	 1.411300 

 234.980569 	 1.345757 	 0.401412 	 0.147752 	 -1.395779 	 4.793942 	 2.236567 	 1.412099 

 235.980486 	 1.341935 	 0.414538 	 0.153876 	 -1.447205 	 4.778056 	 2.230671 	 1.412908 

 236.980403 	 1.337973 	 0.427620 	 0.159984 	 -1.498390 	 4.761697 	 2.224550 	 1.413727 

 237.980320 	 1.333870 	 0.440658 	 0.166074 	 -1.549328 	 4.744869 	 2.218208 	 1.414556 

 238.980238 	 1.329628 	 0.453649 	 0.172148 	 -1.600015 	 4.727576 	 2.211646 	 1.415395 

 239.980155 	 1.325247 	 0.466593 	 0.178203 	 -1.650443 	 4.709821 	 2.204865 	 1.416244 

 240.980072 	 1.320728 	 0.479489 	 0.184240 	 -1.700608 	 4.691608 	 2.197867 	 1.417102 

 241.979989 	 1.316072 	 0.492335 	 0.190258 	 -1.750505 	 4.672942 	 2.190653 	 1.417969 

 242.979906 	 1.311279 	 0.505129 	 0.196256 	 -1.800128 	 4.653826 	 2.183226 	 1.418846 

 243.979824 	 1.306351 	 0.517871 	 0.202234 	 -1.849472 	 4.634265 	 2.175588 	 1.419733 

 244.979741 	 1.301287 	 0.530560 	 0.208191 	 -1.898532 	 4.614263 	 2.167739 	 1.420628 

 245.979658 	 1.296089 	 0.543194 	 0.214126 	 -1.947302 	 4.593823 	 2.159681 	 1.421533 

 246.979575 	 1.290757 	 0.555772 	 0.220039 	 -1.995779 	 4.572950 	 2.151417 	 1.422446 

 247.979493 	 1.285292 	 0.568292 	 0.225930 	 -2.043956 	 4.551648 	 2.142949 	 1.423368 

 248.979410 	 1.279696 	 0.580755 	 0.231797 	 -2.091830 	 4.529922 	 2.134277 	 1.424299 

 249.979327 	 1.273969 	 0.593158 	 0.237641 	 -2.139395 	 4.507776 	 2.125405 	 1.425239 

 250.979244 	 1.268111 	 0.605500 	 0.243460 	 -2.186647 	 4.485214 	 2.116333 	 1.426187 

 251.979161 	 1.262124 	 0.617780 	 0.249255 	 -2.233581 	 4.462241 	 2.107064 	 1.427143 

 252.979079 	 1.256008 	 0.629998 	 0.255024 	 -2.280194 	 4.438860 	 2.097599 	 1.428108 

 253.978996 	 1.249765 	 0.642152 	 0.260767 	 -2.326480 	 4.415078 	 2.087942 	 1.429081 

 254.978913 	 1.243395 	 0.654240 	 0.266484 	 -2.372436 	 4.390897 	 2.078092 	 1.430061 

 255.978830 	 1.236900 	 0.666262 	 0.272173 	 -2.418057 	 4.366323 	 2.068054 	 1.431050 

 256.978748 	 1.230279 	 0.678217 	 0.277836 	 -2.463339 	 4.341360 	 2.057828 	 1.432047 

 257.978665 	 1.223534 	 0.690104 	 0.283470 	 -2.508278 	 4.316014 	 2.047416 	 1.433051 

 258.978582 	 1.216667 	 0.701921 	 0.289076 	 -2.552870 	 4.290287 	 2.036821 	 1.434063 

 259.978499 	 1.209677 	 0.713668 	 0.294653 	 -2.597112 	 4.264186 	 2.026045 	 1.435082 

 260.978416 	 1.202566 	 0.725343 	 0.300200 	 -2.640999 	 4.237715 	 2.015089 	 1.436109 

 261.978334 	 1.195335 	 0.736946 	 0.305717 	 -2.684529 	 4.210878 	 2.003956 	 1.437142 

 262.978251 	 1.187985 	 0.748476 	 0.311204 	 -2.727697 	 4.183681 	 1.992648 	 1.438183 

 263.978168 	 1.180516 	 0.759931 	 0.316660 	 -2.770499 	 4.156127 	 1.981166 	 1.439231 

 264.978085 	 1.172931 	 0.771310 	 0.322085 	 -2.812934 	 4.128223 	 1.969514 	 1.440286 

 265.978003 	 1.165229 	 0.782613 	 0.327477 	 -2.854997 	 4.099972 	 1.957693 	 1.441348 

 266.977920 	 1.157412 	 0.793839 	 0.332837 	 -2.896685 	 4.071379 	 1.945704 	 1.442416 

 267.977837 	 1.149481 	 0.804986 	 0.338165 	 -2.937994 	 4.042450 	 1.933551 	 1.443490 

 268.977754 	 1.141436 	 0.816055 	 0.343459 	 -2.978923 	 4.013188 	 1.921236 	 1.444571 

 269.977671 	 1.133280 	 0.827043 	 0.348719 	 -3.019468 	 3.983600 	 1.908760 	 1.445658 

 270.977589 	 1.125013 	 0.837950 	 0.353945 	 -3.059625 	 3.953689 	 1.896126 	 1.446752 

 271.977506 	 1.116636 	 0.848775 	 0.359137 	 -3.099393 	 3.923461 	 1.883336 	 1.447851 

 272.977423 	 1.108149 	 0.859517 	 0.364293 	 -3.138769 	 3.892920 	 1.870391 	 1.448957 

 273.977340 	 1.099556 	 0.870176 	 0.369414 	 -3.177749 	 3.862071 	 1.857295 	 1.450068 

 274.977258 	 1.090855 	 0.880751 	 0.374500 	 -3.216332 	 3.830920 	 1.844049 	 1.451184 

 275.977175 	 1.082049 	 0.891240 	 0.379549 	 -3.254514 	 3.799470 	 1.830656 	 1.452307 

 276.977092 	 1.073138 	 0.901643 	 0.384561 	 -3.292294 	 3.767728 	 1.817118 	 1.453434 

 277.977009 	 1.064123 	 0.911959 	 0.389536 	 -3.329670 	 3.735697 	 1.803436 	 1.454567 

 278.976926 	 1.055007 	 0.922187 	 0.394474 	 -3.366638 	 3.703383 	 1.789613 	 1.455705 

 279.976844 	 1.045789 	 0.932327 	 0.399374 	 -3.403197 	 3.670790 	 1.775652 	 1.456848 

 280.976761 	 1.036471 	 0.942377 	 0.404236 	 -3.439344 	 3.637924 	 1.761554 	 1.457997 

 281.976678 	 1.027054 	 0.952338 	 0.409059 	 -3.475079 	 3.604789 	 1.747321 	 1.459149 

 282.976595 	 1.017539 	 0.962208 	 0.413843 	 -3.510398 	 3.571391 	 1.732957 	 1.460307 

 283.976513 	 1.007928 	 0.971986 	 0.418588 	 -3.545300 	 3.537733 	 1.718462 	 1.461469 

 284.976430 	 0.998221 	 0.981673 	 0.423293 	 -3.579784 	 3.503821 	 1.703839 	 1.462636 

 285.976347 	 0.988419 	 0.991266 	 0.427958 	 -3.613847 	 3.469660 	 1.689091 	 1.463807 

 286.976264 	 0.978525 	 1.000766 	 0.432583 	 -3.647488 	 3.435254 	 1.674219 	 1.464982 

 287.976181 	 0.968538 	 1.010172 	 0.437167 	 -3.680705 	 3.400609 	 1.659226 	 1.466161 

 288.976099 	 0.958460 	 1.019483 	 0.441710 	 -3.713498 	 3.365729 	 1.644113 	 1.467344 

 289.976016 	 0.948292 	 1.028698 	 0.446212 	 -3.745863 	 3.330619 	 1.628884 	 1.468531 

 290.975933 	 0.938036 	 1.037817 	 0.450671 	 -3.777801 	 3.295284 	 1.613540 	 1.469722 

 291.975850 	 0.927693 	 1.046840 	 0.455089 	 -3.809310 	 3.259728 	 1.598083 	 1.470916 

 292.975768 	 0.917263 	 1.055765 	 0.459465 	 -3.840389 	 3.223956 	 1.582515 	 1.472114 

 293.975685 	 0.906748 	 1.064592 	 0.463798 	 -3.871036 	 3.187974 	 1.566839 	 1.473315 

 294.975602 	 0.896149 	 1.073321 	 0.468088 	 -3.901251 	 3.151785 	 1.551057 	 1.474519 

 295.975519 	 0.885467 	 1.081950 	 0.472335 	 -3.931033 	 3.115395 	 1.535170 	 1.475727 

 296.975436 	 0.874704 	 1.090480 	 0.476538 	 -3.960380 	 3.078809 	 1.519182 	 1.476937 

 297.975354 	 0.863861 	 1.098910 	 0.480697 	 -3.989292 	 3.042030 	 1.503094 	 1.478150 

 298.975271 	 0.852938 	 1.107239 	 0.484813 	 -4.017769 	 3.005063 	 1.486908 	 1.479366 

 299.975188 	 0.841937 	 1.115467 	 0.488884 	 -4.045808 	 2.967914 	 1.470626 	 1.480585 

 300.975105 	 0.830860 	 1.123593 	 0.492911 	 -4.073411 	 2.930587 	 1.454251 	 1.481807 

 301.975023 	 0.819707 	 1.131617 	 0.496892 	 -4.100575 	 2.893086 	 1.437784 	 1.483030 

 302.974940 	 0.808479 	 1.139538 	 0.500829 	 -4.127301 	 2.855416 	 1.421228 	 1.484256 

 303.974857 	 0.797179 	 1.147357 	 0.504720 	 -4.153588 	 2.817581 	 1.404585 	 1.485484 

 304.974774 	 0.785806 	 1.155071 	 0.508566 	 -4.179436 	 2.779587 	 1.387856 	 1.486715 

 305.974691 	 0.774363 	 1.162682 	 0.512366 	 -4.204845 	 2.741437 	 1.371045 	 1.487947 

 306.974609 	 0.762850 	 1.170188 	 0.516120 	 -4.229813 	 2.703136 	 1.354152 	 1.489181 

 307.974526 	 0.751269 	 1.177589 	 0.519828 	 -4.254341 	 2.664689 	 1.337180 	 1.490416 

 308.974443 	 0.739621 	 1.184885 	 0.523489 	 -4.278429 	 2.626100 	 1.320131 	 1.491654 

 309.974360 	 0.727906 	 1.192075 	 0.527103 	 -4.302077 	 2.587373 	 1.303007 	 1.492893 

 310.974278 	 0.716127 	 1.199159 	 0.530671 	 -4.325283 	 2.548513 	 1.285810 	 1.494133 

 311.974195 	 0.704285 	 1.206137 	 0.534191 	 -4.348050 	 2.509525 	 1.268542 	 1.495374 

 312.974112 	 0.692380 	 1.213008 	 0.537665 	 -4.370375 	 2.470411 	 1.251205 	 1.496617 

 313.974029 	 0.680413 	 1.219772 	 0.541091 	 -4.392261 	 2.431178 	 1.233801 	 1.497860 

 314.973946 	 0.668387 	 1.226429 	 0.544469 	 -4.413706 	 2.391828 	 1.216332 	 1.499105 

 315.973864 	 0.656303 	 1.232978 	 0.547799 	 -4.434710 	 2.352367 	 1.198800 	 1.500350 

 316.973781 	 0.644160 	 1.239418 	 0.551081 	 -4.455275 	 2.312798 	 1.181207 	 1.501596 

 317.973698 	 0.631962 	 1.245751 	 0.554315 	 -4.475401 	 2.273126 	 1.163554 	 1.502843 

 318.973615 	 0.619708 	 1.251975 	 0.557501 	 -4.495087 	 2.233355 	 1.145844 	 1.504090 

 319.973533 	 0.607401 	 1.258090 	 0.560639 	 -4.514334 	 2.193489 	 1.128079 	 1.505337 

 320.973450 	 0.595041 	 1.264095 	 0.563727 	 -4.533143 	 2.153532 	 1.110260 	 1.506585 

 321.973367 	 0.582629 	 1.269992 	 0.566767 	 -4.551513 	 2.113489 	 1.092389 	 1.507833 

 322.973284 	 0.570167 	 1.275778 	 0.569758 	 -4.569447 	 2.073362 	 1.074469 	 1.509081 

 323.973201 	 0.557656 	 1.281455 	 0.572700 	 -4.586943 	 2.033157 	 1.056501 	 1.510329 

 324.973119 	 0.545097 	 1.287022 	 0.575593 	 -4.604003 	 1.992877 	 1.038486 	 1.511576 

 325.973036 	 0.532491 	 1.292479 	 0.578436 	 -4.620627 	 1.952526 	 1.020428 	 1.512824 

 326.972953 	 0.519840 	 1.297825 	 0.581230 	 -4.636816 	 1.912109 	 1.002327 	 1.514071 

 327.972870 	 0.507144 	 1.303060 	 0.583974 	 -4.652571 	 1.871628 	 0.984185 	 1.515317 

 328.972787 	 0.494405 	 1.308184 	 0.586669 	 -4.667892 	 1.831088 	 0.966005 	 1.516563 

 329.972705 	 0.481624 	 1.313198 	 0.589314 	 -4.682781 	 1.790493 	 0.947787 	 1.517808 

 330.972622 	 0.468803 	 1.318100 	 0.591909 	 -4.697237 	 1.749847 	 0.929534 	 1.519053 

 331.972539 	 0.455942 	 1.322891 	 0.594454 	 -4.711263 	 1.709153 	 0.911248 	 1.520296 

 332.972456 	 0.443043 	 1.327571 	 0.596949 	 -4.724858 	 1.668414 	 0.892930 	 1.521539 

 333.972374 	 0.430106 	 1.332139 	 0.599394 	 -4.738024 	 1.627636 	 0.874582 	 1.522780 

 334.972291 	 0.417133 	 1.336596 	 0.601789 	 -4.750762 	 1.586821 	 0.856205 	 1.524020 

 335.972208 	 0.404126 	 1.340940 	 0.604133 	 -4.763072 	 1.545973 	 0.837802 	 1.525259 

 336.972125 	 0.391084 	 1.345173 	 0.606427 	 -4.774957 	 1.505095 	 0.819373 	 1.526496 

 337.972042 	 0.378010 	 1.349294 	 0.608670 	 -4.786416 	 1.464192 	 0.800922 	 1.527732 

 338.971960 	 0.364905 	 1.353303 	 0.610863 	 -4.797451 	 1.423266 	 0.782449 	 1.528967 

 339.971877 	 0.351770 	 1.357200 	 0.613005 	 -4.808064 	 1.382322 	 0.763955 	 1.530199 

 340.971794 	 0.338605 	 1.360985 	 0.615097 	 -4.818254 	 1.341363 	 0.745444 	 1.531430 

 341.971711 	 0.325413 	 1.364658 	 0.617138 	 -4.828024 	 1.300391 	 0.726915 	 1.532659 

 342.971629 	 0.312194 	 1.368218 	 0.619129 	 -4.837375 	 1.259411 	 0.708372 	 1.533886 

 343.971546 	 0.298949 	 1.371666 	 0.621068 	 -4.846307 	 1.218427 	 0.689814 	 1.535111 

 344.971463 	 0.285680 	 1.375002 	 0.622957 	 -4.854823 	 1.177440 	 0.671245 	 1.536333 

 345.971380 	 0.272387 	 1.378226 	 0.624795 	 -4.862923 	 1.136455 	 0.652665 	 1.537553 

 346.971297 	 0.259073 	 1.381338 	 0.626582 	 -4.870609 	 1.095476 	 0.634077 	 1.538771 

 347.971215 	 0.245737 	 1.384337 	 0.628318 	 -4.877882 	 1.054504 	 0.615481 	 1.539987 

 348.971132 	 0.232381 	 1.387224 	 0.630003 	 -4.884743 	 1.013544 	 0.596879 	 1.541200 

 349.971049 	 0.219007 	 1.389999 	 0.631637 	 -4.891194 	 0.972598 	 0.578272 	 1.542410 

 350.970966 	 0.205615 	 1.392662 	 0.633220 	 -4.897237 	 0.931670 	 0.559663 	 1.543617 

 351.970884 	 0.192206 	 1.395213 	 0.634753 	 -4.902872 	 0.890763 	 0.541052 	 1.544822 

 352.970801 	 0.178782 	 1.397652 	 0.636234 	 -4.908102 	 0.849880 	 0.522442 	 1.546024 

 353.970718 	 0.165344 	 1.399979 	 0.637665 	 -4.912927 	 0.809024 	 0.503832 	 1.547222 

 354.970635 	 0.151892 	 1.402194 	 0.639044 	 -4.917350 	 0.768198 	 0.485226 	 1.548418 

 355.970552 	 0.138428 	 1.404298 	 0.640373 	 -4.921371 	 0.727405 	 0.466624 	 1.549610 

 356.970470 	 0.124954 	 1.406289 	 0.641650 	 -4.924992 	 0.686648 	 0.448028 	 1.550799 

 357.970387 	 0.111469 	 1.408169 	 0.642877 	 -4.928216 	 0.645930 	 0.429439 	 1.551985 

 358.970304 	 0.097976 	 1.409938 	 0.644053 	 -4.931042 	 0.605254 	 0.410858 	 1.553167 

 359.970221 	 0.084475 	 1.411595 	 0.645178 	 -4.933474 	 0.564623 	 0.392287 	 1.554346 

 360.970139 	 0.070967 	 1.413141 	 0.646252 	 -4.935512 	 0.524039 	 0.373728 	 1.555521 

 361.970056 	 0.057453 	 1.414576 	 0.647275 	 -4.937158 	 0.483506 	 0.355181 	 1.556692 

 362.969973 	 0.043935 	 1.415900 	 0.648248 	 -4.938414 	 0.443026 	 0.336648 	 1.557860 

 363.969890 	 0.030414 	 1.417113 	 0.649169 	 -4.939282 	 0.402602 	 0.318130 	 1.559023 

 364.969807 	 0.016890 	 1.418215 	 0.650040 	 -4.939762 	 0.362236 	 0.299628 	 1.560183 

 365.969746 	 0.003365 	 1.419207 	 0.650861 	 -4.939858 	 0.321932 	 0.281145 	 1.561339 

 366.969664 	 -0.010160 	 1.420088 	 0.651631 	 -4.939570 	 0.281693 	 0.262680 	 1.562490 

 367.969581 	 -0.023685 	 1.420860 	 0.652350 	 -4.938900 	 0.241519 	 0.244235 	 1.563638 

 368.969498 	 -0.037207 	 1.421521 	 0.653018 	 -4.937851 	 0.201416 	 0.225813 	 1.564781 

 369.969415 	 -0.050727 	 1.422072 	 0.653637 	 -4.936423 	 0.161384 	 0.207412 	 1.565919 

 370.969333 	 -0.064243 	 1.422514 	 0.654205 	 -4.934618 	 0.121426 	 0.189036 	 1.567054 

 371.969250 	 -0.077754 	 1.422847 	 0.654722 	 -4.932439 	 0.081546 	 0.170685 	 1.568183 

 372.969167 	 -0.091259 	 1.423070 	 0.655190 	 -4.929886 	 0.041745 	 0.152361 	 1.569309 

 373.969084 	 -0.104757 	 1.423184 	 0.655607 	 -4.926963 	 0.002026 	 0.134064 	 1.570429 

 374.969001 	 -0.118247 	 1.423190 	 0.655974 	 -4.923670 	 -0.037609 	 0.115795 	 1.571545 

 375.968919 	 -0.131728 	 1.423087 	 0.656291 	 -4.920009 	 -0.077157 	 0.097557 	 1.572656 

 376.968836 	 -0.145199 	 1.422875 	 0.656558 	 -4.915982 	 -0.116616 	 0.079349 	 1.573762 

 377.968753 	 -0.158659 	 1.422556 	 0.656775 	 -4.911592 	 -0.155983 	 0.061174 	 1.574863 

 378.968670 	 -0.172107 	 1.422129 	 0.656943 	 -4.906839 	 -0.195256 	 0.043032 	 1.575959 

 379.968588 	 -0.185542 	 1.421595 	 0.657061 	 -4.901725 	 -0.234433 	 0.024924 	 1.577050 

 380.968505 	 -0.198963 	 1.420953 	 0.657129 	 -4.896254 	 -0.273512 	 0.006852 	 1.578135 

 381.968422 	 -0.212369 	 1.420204 	 0.657148 	 -4.890425 	 -0.312490 	 -0.011184 	 1.579216 

 382.968339 	 -0.225759 	 1.419348 	 0.657117 	 -4.884242 	 -0.351365 	 -0.029182 	 1.580291 

 383.968256 	 -0.239132 	 1.418386 	 0.657037 	 -4.877705 	 -0.390135 	 -0.047141 	 1.581360 

 384.968174 	 -0.252487 	 1.417318 	 0.656908 	 -4.870818 	 -0.428798 	 -0.065061 	 1.582425 

 385.968091 	 -0.265823 	 1.416144 	 0.656730 	 -4.863581 	 -0.467351 	 -0.082939 	 1.583483 

 386.968008 	 -0.279140 	 1.414864 	 0.656503 	 -4.855997 	 -0.505793 	 -0.100776 	 1.584536 

 387.967925 	 -0.292436 	 1.413479 	 0.656227 	 -4.848067 	 -0.544120 	 -0.118571 	 1.585584 

 388.967843 	 -0.305710 	 1.411990 	 0.655902 	 -4.839794 	 -0.582333 	 -0.136321 	 1.586626 

 389.967760 	 -0.318961 	 1.410395 	 0.655529 	 -4.831179 	 -0.620427 	 -0.154027 	 1.587661 

 390.967677 	 -0.332189 	 1.408696 	 0.655107 	 -4.822224 	 -0.658401 	 -0.171687 	 1.588691 

 391.967594 	 -0.345392 	 1.406894 	 0.654637 	 -4.812931 	 -0.696254 	 -0.189300 	 1.589716 

 392.967511 	 -0.358570 	 1.404987 	 0.654119 	 -4.803302 	 -0.733983 	 -0.206865 	 1.590734 

 393.967429 	 -0.371721 	 1.402978 	 0.653552 	 -4.793339 	 -0.771586 	 -0.224382 	 1.591746 

 394.967346 	 -0.384845 	 1.400865 	 0.652938 	 -4.783044 	 -0.809061 	 -0.241849 	 1.592751 

 395.967263 	 -0.397941 	 1.398650 	 0.652276 	 -4.772418 	 -0.846407 	 -0.259265 	 1.593751 

 396.967180 	 -0.411008 	 1.396332 	 0.651566 	 -4.761465 	 -0.883621 	 -0.276631 	 1.594745 

 397.967098 	 -0.424045 	 1.393913 	 0.650809 	 -4.750184 	 -0.920702 	 -0.293943 	 1.595732 

 398.967015 	 -0.437051 	 1.391392 	 0.650004 	 -4.738579 	 -0.957647 	 -0.311203 	 1.596713 

 399.966932 	 -0.450025 	 1.388770 	 0.649152 	 -4.726651 	 -0.994456 	 -0.328408 	 1.597687 

 400.966849 	 -0.462967 	 1.386047 	 0.648252 	 -4.714403 	 -1.031126 	 -0.345559 	 1.598655 

 401.966766 	 -0.475875 	 1.383224 	 0.647306 	 -4.701836 	 -1.067655 	 -0.362653 	 1.599616 

 402.966684 	 -0.488749 	 1.380301 	 0.646313 	 -4.688952 	 -1.104041 	 -0.379691 	 1.600571 

 403.966601 	 -0.501587 	 1.377278 	 0.645274 	 -4.675753 	 -1.140284 	 -0.396671 	 1.601519 

 404.966518 	 -0.514389 	 1.374156 	 0.644188 	 -4.662241 	 -1.176381 	 -0.413593 	 1.602460 

 405.966435 	 -0.527154 	 1.370935 	 0.643055 	 -4.648417 	 -1.212330 	 -0.430455 	 1.603395 

 406.966353 	 -0.539882 	 1.367616 	 0.641877 	 -4.634285 	 -1.248130 	 -0.447257 	 1.604323 

 407.966270 	 -0.552570 	 1.364198 	 0.640652 	 -4.619845 	 -1.283779 	 -0.463999 	 1.605243 

 408.966187 	 -0.565220 	 1.360683 	 0.639382 	 -4.605100 	 -1.319275 	 -0.480679 	 1.606157 

 409.966104 	 -0.577828 	 1.357071 	 0.638066 	 -4.590052 	 -1.354618 	 -0.497296 	 1.607064 

 410.966021 	 -0.590396 	 1.353362 	 0.636704 	 -4.574702 	 -1.389804 	 -0.513850 	 1.607964 

 411.965939 	 -0.602921 	 1.349557 	 0.635297 	 -4.559052 	 -1.424834 	 -0.530340 	 1.608857 

 412.965856 	 -0.615404 	 1.345656 	 0.633845 	 -4.543105 	 -1.459704 	 -0.546765 	 1.609743 

 413.965773 	 -0.627843 	 1.341659 	 0.632348 	 -4.526862 	 -1.494414 	 -0.563124 	 1.610621 

 414.965690 	 -0.640238 	 1.337567 	 0.630806 	 -4.510325 	 -1.528962 	 -0.579417 	 1.611492 

 415.965608 	 -0.652587 	 1.333381 	 0.629220 	 -4.493497 	 -1.563347 	 -0.595643 	 1.612356 

 416.965525 	 -0.664890 	 1.329101 	 0.627589 	 -4.476378 	 -1.597567 	 -0.611802 	 1.613213 

 417.965442 	 -0.677147 	 1.324726 	 0.625914 	 -4.458971 	 -1.631620 	 -0.627891 	 1.614062 

 418.965359 	 -0.689355 	 1.320259 	 0.624195 	 -4.441279 	 -1.665505 	 -0.643912 	 1.614904 

 419.965276 	 -0.701515 	 1.315699 	 0.622432 	 -4.423302 	 -1.699221 	 -0.659862 	 1.615738 

 420.965194 	 -0.713626 	 1.311046 	 0.620625 	 -4.405042 	 -1.732767 	 -0.675742 	 1.616564 

 421.965111 	 -0.725687 	 1.306302 	 0.618775 	 -4.386503 	 -1.766140 	 -0.691550 	 1.617384 

 422.965028 	 -0.737698 	 1.301466 	 0.616881 	 -4.367684 	 -1.799340 	 -0.707286 	 1.618195 

 423.964945 	 -0.749656 	 1.296540 	 0.614945 	 -4.348590 	 -1.832364 	 -0.722950 	 1.618999 

 424.964862 	 -0.761563 	 1.291523 	 0.612965 	 -4.329220 	 -1.865213 	 -0.738540 	 1.619795 

 425.964780 	 -0.773416 	 1.286416 	 0.610943 	 -4.309578 	 -1.897884 	 -0.754056 	 1.620583 

 426.964697 	 -0.785216 	 1.281219 	 0.608878 	 -4.289664 	 -1.930376 	 -0.769497 	 1.621364 

 427.964614 	 -0.796961 	 1.275934 	 0.606772 	 -4.269482 	 -1.962687 	 -0.784863 	 1.622136 

 428.964531 	 -0.808651 	 1.270560 	 0.604623 	 -4.249033 	 -1.994817 	 -0.800153 	 1.622901 

 429.964449 	 -0.820285 	 1.265098 	 0.602432 	 -4.228319 	 -2.026765 	 -0.815366 	 1.623658 

 430.964366 	 -0.831862 	 1.259549 	 0.600199 	 -4.207341 	 -2.058528 	 -0.830502 	 1.624407 

 431.964283 	 -0.843381 	 1.253913 	 0.597925 	 -4.186102 	 -2.090106 	 -0.845560 	 1.625148 

 432.964200 	 -0.854843 	 1.248190 	 0.595610 	 -4.164603 	 -2.121497 	 -0.860539 	 1.625880 

 433.964117 	 -0.866246 	 1.242382 	 0.593254 	 -4.142846 	 -2.152700 	 -0.875439 	 1.626605 

 434.964035 	 -0.877589 	 1.236487 	 0.590857 	 -4.120834 	 -2.183715 	 -0.890259 	 1.627322 

 435.963952 	 -0.888872 	 1.230508 	 0.588420 	 -4.098568 	 -2.214539 	 -0.904999 	 1.628030 

 436.963869 	 -0.900094 	 1.224445 	 0.585942 	 -4.076050 	 -2.245171 	 -0.919658 	 1.628730 

 437.963786 	 -0.911254 	 1.218298 	 0.583424 	 -4.053281 	 -2.275611 	 -0.934235 	 1.629422 

 438.963704 	 -0.922352 	 1.212067 	 0.580866 	 -4.030265 	 -2.305858 	 -0.948730 	 1.630106 

 439.963621 	 -0.933386 	 1.205754 	 0.578268 	 -4.007002 	 -2.335909 	 -0.963143 	 1.630781 

 440.963538 	 -0.944358 	 1.199358 	 0.575631 	 -3.983494 	 -2.365765 	 -0.977472 	 1.631448 

 441.963455 	 -0.955264 	 1.192881 	 0.572955 	 -3.959743 	 -2.395423 	 -0.991717 	 1.632106 

 442.963372 	 -0.966106 	 1.186322 	 0.570239 	 -3.935752 	 -2.424883 	 -1.005878 	 1.632757 

 443.963290 	 -0.976882 	 1.179683 	 0.567485 	 -3.911522 	 -2.454143 	 -1.019953 	 1.633398 

 444.963207 	 -0.987592 	 1.172963 	 0.564693 	 -3.887054 	 -2.483203 	 -1.033944 	 1.634031 

 445.963124 	 -0.998235 	 1.166164 	 0.561862 	 -3.862352 	 -2.512062 	 -1.047848 	 1.634656 

 446.963041 	 -1.008810 	 1.159286 	 0.558993 	 -3.837415 	 -2.540718 	 -1.061665 	 1.635272 

 447.962959 	 -1.019317 	 1.152330 	 0.556086 	 -3.812247 	 -2.569170 	 -1.075395 	 1.635880 

 448.962876 	 -1.029755 	 1.145295 	 0.553142 	 -3.786849 	 -2.597417 	 -1.089038 	 1.636478 

 449.962793 	 -1.040123 	 1.138183 	 0.550160 	 -3.761224 	 -2.625459 	 -1.102593 	 1.637069 

 450.962710 	 -1.050421 	 1.130995 	 0.547141 	 -3.735372 	 -2.653294 	 -1.116058 	 1.637650 

 451.962627 	 -1.060649 	 1.123730 	 0.544085 	 -3.709295 	 -2.680921 	 -1.129435 	 1.638223 

 452.962545 	 -1.070805 	 1.116390 	 0.540993 	 -3.682997 	 -2.708340 	 -1.142721 	 1.638787 

 453.962462 	 -1.080889 	 1.108974 	 0.537864 	 -3.656477 	 -2.735548 	 -1.155918 	 1.639342 

 454.962379 	 -1.090900 	 1.101485 	 0.534699 	 -3.629739 	 -2.762546 	 -1.169024 	 1.639889 

 455.962296 	 -1.100839 	 1.093921 	 0.531498 	 -3.602783 	 -2.789332 	 -1.182038 	 1.640426 

 456.962214 	 -1.110703 	 1.086283 	 0.528262 	 -3.575613 	 -2.815905 	 -1.194961 	 1.640955 

 457.962131 	 -1.120493 	 1.078574 	 0.524990 	 -3.548228 	 -2.842265 	 -1.207791 	 1.641475 

 458.962048 	 -1.130208 	 1.070791 	 0.521683 	 -3.520633 	 -2.868410 	 -1.220529 	 1.641986 

 459.961965 	 -1.139848 	 1.062938 	 0.518341 	 -3.492827 	 -2.894340 	 -1.233173 	 1.642488 

 460.961882 	 -1.149411 	 1.055013 	 0.514965 	 -3.464813 	 -2.920053 	 -1.245724 	 1.642981 

 461.961800 	 -1.158898 	 1.047018 	 0.511554 	 -3.436593 	 -2.945548 	 -1.258181 	 1.643465 

 462.961717 	 -1.168307 	 1.038953 	 0.508109 	 -3.408169 	 -2.970826 	 -1.270543 	 1.643940 

 463.961634 	 -1.177639 	 1.030819 	 0.504630 	 -3.379542 	 -2.995884 	 -1.282810 	 1.644406 

 464.961551 	 -1.186892 	 1.022616 	 0.501118 	 -3.350714 	 -3.020722 	 -1.294981 	 1.644863 

 465.961469 	 -1.196066 	 1.014345 	 0.497572 	 -3.321686 	 -3.045339 	 -1.307057 	 1.645311 

 466.961386 	 -1.205161 	 1.006007 	 0.493994 	 -3.292462 	 -3.069734 	 -1.319036 	 1.645750 

 467.961303 	 -1.214175 	 0.997602 	 0.490382 	 -3.263042 	 -3.093906 	 -1.330918 	 1.646180 

 468.961220 	 -1.223110 	 0.989131 	 0.486738 	 -3.233428 	 -3.117855 	 -1.342703 	 1.646600 

 469.961137 	 -1.231963 	 0.980595 	 0.483062 	 -3.203622 	 -3.141579 	 -1.354390 	 1.647011 

 470.961055 	 -1.240734 	 0.971993 	 0.479353 	 -3.173626 	 -3.165078 	 -1.365979 	 1.647414 

 471.960972 	 -1.249424 	 0.963327 	 0.475613 	 -3.143442 	 -3.188351 	 -1.377469 	 1.647807 

 472.960889 	 -1.258030 	 0.954597 	 0.471842 	 -3.113071 	 -3.211397 	 -1.388860 	 1.648190 

 473.960806 	 -1.266554 	 0.945804 	 0.468039 	 -3.082514 	 -3.234215 	 -1.400152 	 1.648565 

 474.960724 	 -1.274994 	 0.936949 	 0.464206 	 -3.051775 	 -3.256804 	 -1.411344 	 1.648930 

 475.960641 	 -1.283350 	 0.928032 	 0.460341 	 -3.020854 	 -3.279164 	 -1.422435 	 1.649286 

 476.960558 	 -1.291621 	 0.919054 	 0.456447 	 -2.989754 	 -3.301293 	 -1.433426 	 1.649633 

 477.960475 	 -1.299807 	 0.910015 	 0.452522 	 -2.958475 	 -3.323192 	 -1.444315 	 1.649970 

 478.960392 	 -1.307907 	 0.900916 	 0.448567 	 -2.927021 	 -3.344858 	 -1.455103 	 1.650298 

 479.960310 	 -1.315921 	 0.891758 	 0.444583 	 -2.895392 	 -3.366292 	 -1.465789 	 1.650616 

 480.960227 	 -1.323849 	 0.882541 	 0.440570 	 -2.863590 	 -3.387493 	 -1.476372 	 1.650926 

 481.960144 	 -1.331689 	 0.873266 	 0.436528 	 -2.831618 	 -3.408459 	 -1.486853 	 1.651226 

 482.960061 	 -1.339442 	 0.863933 	 0.432457 	 -2.799476 	 -3.429190 	 -1.497230 	 1.651516 

 483.959979 	 -1.347107 	 0.854544 	 0.428357 	 -2.767167 	 -3.449685 	 -1.507504 	 1.651797 

 484.959896 	 -1.354684 	 0.845099 	 0.424230 	 -2.734692 	 -3.469944 	 -1.517674 	 1.652069 

 485.959813 	 -1.362171 	 0.835598 	 0.420074 	 -2.702054 	 -3.489966 	 -1.527739 	 1.652331 

 486.959730 	 -1.369570 	 0.826043 	 0.415891 	 -2.669253 	 -3.509750 	 -1.537699 	 1.652584 

 487.959647 	 -1.376878 	 0.816433 	 0.411681 	 -2.636291 	 -3.529294 	 -1.547555 	 1.652827 

 488.959565 	 -1.384096 	 0.806770 	 0.407444 	 -2.603171 	 -3.548600 	 -1.557305 	 1.653061 

 489.959482 	 -1.391224 	 0.797054 	 0.403180 	 -2.569894 	 -3.567665 	 -1.566948 	 1.653285 

 490.959399 	 -1.398260 	 0.787286 	 0.398890 	 -2.536461 	 -3.586489 	 -1.576486 	 1.653500 

 491.959316 	 -1.405205 	 0.777466 	 0.394573 	 -2.502875 	 -3.605071 	 -1.585917 	 1.653705 

 492.959234 	 -1.412058 	 0.767595 	 0.390231 	 -2.469137 	 -3.623411 	 -1.595240 	 1.653901 

 493.959151 	 -1.418818 	 0.757674 	 0.385863 	 -2.435250 	 -3.641508 	 -1.604456 	 1.654088 

 494.959068 	 -1.425486 	 0.747704 	 0.381470 	 -2.401213 	 -3.659361 	 -1.613565 	 1.654264 

 495.958985 	 -1.432060 	 0.737684 	 0.377052 	 -2.367031 	 -3.676969 	 -1.622565 	 1.654432 

 496.958902 	 -1.438541 	 0.727617 	 0.372610 	 -2.332703 	 -3.694332 	 -1.631456 	 1.654589 

 497.958820 	 -1.444928 	 0.717502 	 0.368143 	 -2.298232 	 -3.711449 	 -1.640239 	 1.654737 

 498.958737 	 -1.451221 	 0.707340 	 0.363652 	 -2.263620 	 -3.728319 	 -1.648912 	 1.654876 

 499.958654 	 -1.457419 	 0.697132 	 0.359137 	 -2.228868 	 -3.744942 	 -1.657476 	 1.655005 

 500.958571 	 -1.463521 	 0.686878 	 0.354599 	 -2.193978 	 -3.761317 	 -1.665929 	 1.655124 

 501.958489 	 -1.469528 	 0.676580 	 0.350038 	 -2.158952 	 -3.777444 	 -1.674273 	 1.655234 

 502.958406 	 -1.475440 	 0.666237 	 0.345454 	 -2.123791 	 -3.793320 	 -1.682505 	 1.655334 

 503.958323 	 -1.481255 	 0.655851 	 0.340847 	 -2.088497 	 -3.808947 	 -1.690626 	 1.655425 

 504.958240 	 -1.486973 	 0.645422 	 0.336218 	 -2.053073 	 -3.824323 	 -1.698636 	 1.655506 

 505.958157 	 -1.492594 	 0.634951 	 0.331567 	 -2.017519 	 -3.839448 	 -1.706534 	 1.655578 

 506.958075 	 -1.498118 	 0.624438 	 0.326895 	 -1.981838 	 -3.854320 	 -1.714320 	 1.655639 

 507.957992 	 -1.503544 	 0.613885 	 0.322201 	 -1.946030 	 -3.868940 	 -1.721993 	 1.655692 

 508.957909 	 -1.508873 	 0.603292 	 0.317486 	 -1.910099 	 -3.883307 	 -1.729554 	 1.655734 

 509.957826 	 -1.514103 	 0.592660 	 0.312750 	 -1.874045 	 -3.897419 	 -1.737001 	 1.655767 

 510.957744 	 -1.519234 	 0.581989 	 0.307995 	 -1.837871 	 -3.911277 	 -1.744334 	 1.655791 

 511.957661 	 -1.524266 	 0.571279 	 0.303219 	 -1.801577 	 -3.924879 	 -1.751554 	 1.655804 

 512.957578 	 -1.529198 	 0.560533 	 0.298423 	 -1.765167 	 -3.938226 	 -1.758660 	 1.655808 

 513.957495 	 -1.534032 	 0.549750 	 0.293608 	 -1.728641 	 -3.951315 	 -1.765651 	 1.655803 

 514.957412 	 -1.538765 	 0.538932 	 0.288773 	 -1.692001 	 -3.964148 	 -1.772527 	 1.655788 

 515.957330 	 -1.543397 	 0.528078 	 0.283920 	 -1.655250 	 -3.976723 	 -1.779287 	 1.655763 

 516.957247 	 -1.547929 	 0.517190 	 0.279048 	 -1.618388 	 -3.989039 	 -1.785932 	 1.655729 

 517.957164 	 -1.552360 	 0.506268 	 0.274158 	 -1.581418 	 -4.001096 	 -1.792462 	 1.655685 

 518.957081 	 -1.556690 	 0.495313 	 0.269251 	 -1.544341 	 -4.012893 	 -1.798875 	 1.655631 

 519.956998 	 -1.560919 	 0.484325 	 0.264325 	 -1.507159 	 -4.024430 	 -1.805171 	 1.655568 

 520.956916 	 -1.565045 	 0.473306 	 0.259383 	 -1.469874 	 -4.035706 	 -1.811351 	 1.655496 

 521.956833 	 -1.569070 	 0.462257 	 0.254423 	 -1.432487 	 -4.046720 	 -1.817413 	 1.655413 

 522.956750 	 -1.572992 	 0.451177 	 0.249447 	 -1.395001 	 -4.057472 	 -1.823357 	 1.655321 

 523.956667 	 -1.576812 	 0.440067 	 0.244455 	 -1.357416 	 -4.067961 	 -1.829184 	 1.655220 

 524.956585 	 -1.580528 	 0.428929 	 0.239447 	 -1.319736 	 -4.078187 	 -1.834893 	 1.655109 

 525.956502 	 -1.584142 	 0.417763 	 0.234423 	 -1.281961 	 -4.088149 	 -1.840483 	 1.654988 

 526.956419 	 -1.587652 	 0.406570 	 0.229383 	 -1.244094 	 -4.097846 	 -1.845954 	 1.654858 

 527.956336 	 -1.591058 	 0.395350 	 0.224329 	 -1.206135 	 -4.107278 	 -1.851306 	 1.654718 

 528.956253 	 -1.594360 	 0.384104 	 0.219260 	 -1.168088 	 -4.116445 	 -1.856538 	 1.654568 

 529.956171 	 -1.597559 	 0.372833 	 0.214177 	 -1.129953 	 -4.125344 	 -1.861650 	 1.654409 

 530.956088 	 -1.600652 	 0.361538 	 0.209080 	 -1.091733 	 -4.133977 	 -1.866643 	 1.654241 

 531.956005 	 -1.603642 	 0.350219 	 0.203969 	 -1.053429 	 -4.142342 	 -1.871515 	 1.654063 

 532.955922 	 -1.606526 	 0.338878 	 0.198845 	 -1.015043 	 -4.150439 	 -1.876266 	 1.653875 

 533.955840 	 -1.609305 	 0.327514 	 0.193708 	 -0.976577 	 -4.158268 	 -1.880896 	 1.653678 

 534.955757 	 -1.611979 	 0.316128 	 0.188558 	 -0.938032 	 -4.165827 	 -1.885405 	 1.653471 

 535.955674 	 -1.614547 	 0.304722 	 0.183396 	 -0.899411 	 -4.173116 	 -1.889792 	 1.653255 

 536.955591 	 -1.617010 	 0.293296 	 0.178221 	 -0.860715 	 -4.180135 	 -1.894057 	 1.653029 

 537.955508 	 -1.619366 	 0.281851 	 0.173035 	 -0.821946 	 -4.186882 	 -1.898199 	 1.652794 

 538.955426 	 -1.621617 	 0.270387 	 0.167838 	 -0.783107 	 -4.193358 	 -1.902219 	 1.652550 

 539.955343 	 -1.623761 	 0.258906 	 0.162630 	 -0.744197 	 -4.199563 	 -1.906116 	 1.652296 

 540.955260 	 -1.625799 	 0.247408 	 0.157411 	 -0.705221 	 -4.205494 	 -1.909890 	 1.652032 

 541.955177 	 -1.627730 	 0.235893 	 0.152182 	 -0.666178 	 -4.211152 	 -1.913540 	 1.651759 

 542.955095 	 -1.629554 	 0.224363 	 0.146942 	 -0.627072 	 -4.216536 	 -1.917066 	 1.651477 

 543.955012 	 -1.631270 	 0.212818 	 0.141693 	 -0.587904 	 -4.221646 	 -1.920468 	 1.651185 

 544.954929 	 -1.632880 	 0.201259 	 0.136435 	 -0.548676 	 -4.226481 	 -1.923746 	 1.650884 

 545.954846 	 -1.634382 	 0.189687 	 0.131168 	 -0.509390 	 -4.231041 	 -1.926899 	 1.650573 

 546.954763 	 -1.635777 	 0.178102 	 0.125892 	 -0.470047 	 -4.235324 	 -1.929927 	 1.650253 

 547.954681 	 -1.637064 	 0.166506 	 0.120608 	 -0.430650 	 -4.239331 	 -1.932830 	 1.649924 

 548.954598 	 -1.638243 	 0.154899 	 0.115316 	 -0.391200 	 -4.243061 	 -1.935606 	 1.649586 

 549.954515 	 -1.639314 	 0.143281 	 0.110016 	 -0.351699 	 -4.246514 	 -1.938257 	 1.649238 

 550.954432 	 -1.640277 	 0.131654 	 0.104709 	 -0.312149 	 -4.249688 	 -1.940782 	 1.648880 

 551.954350 	 -1.641132 	 0.120019 	 0.099395 	 -0.272552 	 -4.252584 	 -1.943180 	 1.648514 

 552.954267 	 -1.641878 	 0.108375 	 0.094075 	 -0.232911 	 -4.255201 	 -1.945452 	 1.648138 

 553.954184 	 -1.642516 	 0.096724 	 0.088748 	 -0.193226 	 -4.257538 	 -1.947596 	 1.647753 

 554.954101 	 -1.643045 	 0.085067 	 0.083416 	 -0.153499 	 -4.259595 	 -1.949613 	 1.647359 

 555.954018 	 -1.643465 	 0.073404 	 0.078078 	 -0.113734 	 -4.261371 	 -1.951502 	 1.646956 

 556.953936 	 -1.643777 	 0.061737 	 0.072735 	 -0.073931 	 -4.262866 	 -1.953263 	 1.646543 

 557.953853 	 -1.643979 	 0.050065 	 0.067386 	 -0.034092 	 -4.264079 	 -1.954896 	 1.646121 

 558.953770 	 -1.644072 	 0.038390 	 0.062034 	 0.005780 	 -4.265010 	 -1.956401 	 1.645690 

 559.953687 	 -1.644057 	 0.026712 	 0.056677 	 0.045684 	 -4.265658 	 -1.957776 	 1.645250 

 560.953605 	 -1.643932 	 0.015033 	 0.051317 	 0.085617 	 -4.266023 	 -1.959023 	 1.644801 

 561.953522 	 -1.643697 	 0.003353 	 0.045953 	 0.125579 	 -4.266105 	 -1.960140 	 1.644343 

 562.953439 	 -1.643353 	 -0.008328 	 0.040586 	 0.165565 	 -4.265902 	 -1.961128 	 1.643875 

 563.953356 	 -1.642900 	 -0.020008 	 0.035217 	 0.205576 	 -4.265415 	 -1.961985 	 1.643399 

 564.953273 	 -1.642337 	 -0.031687 	 0.029845 	 0.245608 	 -4.264643 	 -1.962713 	 1.642914 

 565.953191 	 -1.641665 	 -0.043363 	 0.024471 	 0.285660 	 -4.263585 	 -1.963310 	 1.642420 

 566.953108 	 -1.640882 	 -0.055037 	 0.019095 	 0.325730 	 -4.262241 	 -1.963776 	 1.641916 

 567.953025 	 -1.639991 	 -0.066707 	 0.013719 	 0.365816 	 -4.260610 	 -1.964111 	 1.641404 

 568.952942 	 -1.638989 	 -0.078372 	 0.008341 	 0.405915 	 -4.258693 	 -1.964315 	 1.640883 

 569.952860 	 -1.637878 	 -0.090033 	 0.002963 	 0.446026 	 -4.256488 	 -1.964388 	 1.640353 

 570.952777 	 -1.636656 	 -0.101687 	 -0.002416 	 0.486147 	 -4.253995 	 -1.964329 	 1.639814 

 571.952694 	 -1.635325 	 -0.113334 	 -0.007794 	 0.526275 	 -4.251214 	 -1.964137 	 1.639266 

 572.952611 	 -1.633884 	 -0.124974 	 -0.013172 	 0.566408 	 -4.248144 	 -1.963814 	 1.638710 

 573.952528 	 -1.632334 	 -0.136606 	 -0.018549 	 0.606545 	 -4.244785 	 -1.963358 	 1.638145 

 574.952446 	 -1.630673 	 -0.148228 	 -0.023925 	 0.646684 	 -4.241137 	 -1.962769 	 1.637571 

 575.952363 	 -1.628902 	 -0.159840 	 -0.029299 	 0.686821 	 -4.237198 	 -1.962047 	 1.636988 

 576.952280 	 -1.627022 	 -0.171442 	 -0.034671 	 0.726956 	 -4.232969 	 -1.961192 	 1.636397 

 577.952197 	 -1.625031 	 -0.183031 	 -0.040041 	 0.767086 	 -4.228449 	 -1.960203 	 1.635797 

 578.952115 	 -1.622931 	 -0.194609 	 -0.045408 	 0.807209 	 -4.223638 	 -1.959080 	 1.635188 

 579.952032 	 -1.620721 	 -0.206173 	 -0.050772 	 0.847322 	 -4.218535 	 -1.957824 	 1.634571 

 580.951949 	 -1.618401 	 -0.217724 	 -0.056132 	 0.887424 	 -4.213140 	 -1.956433 	 1.633945 

 581.951866 	 -1.615971 	 -0.229259 	 -0.061489 	 0.927513 	 -4.207453 	 -1.954907 	 1.633311 

 582.951783 	 -1.613432 	 -0.240779 	 -0.066841 	 0.967586 	 -4.201473 	 -1.953247 	 1.632668 

 583.951701 	 -1.610782 	 -0.252283 	 -0.072189 	 1.007640 	 -4.195199 	 -1.951452 	 1.632017 

 584.951618 	 -1.608023 	 -0.263769 	 -0.077532 	 1.047675 	 -4.188632 	 -1.949522 	 1.631357 

 585.951535 	 -1.605155 	 -0.275238 	 -0.082870 	 1.087688 	 -4.181771 	 -1.947456 	 1.630689 

 586.951452 	 -1.602177 	 -0.286687 	 -0.088202 	 1.127676 	 -4.174616 	 -1.945255 	 1.630012 

 587.951370 	 -1.599089 	 -0.298118 	 -0.093528 	 1.167638 	 -4.167166 	 -1.942917 	 1.629328 

 588.951287 	 -1.595892 	 -0.309527 	 -0.098848 	 1.207570 	 -4.159421 	 -1.940444 	 1.628634 

 589.951204 	 -1.592586 	 -0.320916 	 -0.104161 	 1.247471 	 -4.151380 	 -1.937834 	 1.627933 

 590.951121 	 -1.589170 	 -0.332282 	 -0.109467 	 1.287339 	 -4.143044 	 -1.935088 	 1.627224 

 591.951038 	 -1.585646 	 -0.343626 	 -0.114765 	 1.327171 	 -4.134412 	 -1.932205 	 1.626506 

 592.950956 	 -1.582012 	 -0.354946 	 -0.120056 	 1.366965 	 -4.125484 	 -1.929185 	 1.625780 

 593.950873 	 -1.578269 	 -0.366242 	 -0.125338 	 1.406719 	 -4.116259 	 -1.926028 	 1.625046 

 594.950790 	 -1.574418 	 -0.377512 	 -0.130611 	 1.446430 	 -4.106737 	 -1.922734 	 1.624304 

 595.950707 	 -1.570457 	 -0.388756 	 -0.135876 	 1.486096 	 -4.096918 	 -1.919302 	 1.623554 

 596.950625 	 -1.566388 	 -0.399973 	 -0.141131 	 1.525714 	 -4.086802 	 -1.915732 	 1.622797 

 597.950542 	 -1.562211 	 -0.411163 	 -0.146376 	 1.565283 	 -4.076387 	 -1.912025 	 1.622031 

 598.950459 	 -1.557925 	 -0.422324 	 -0.151611 	 1.604800 	 -4.065675 	 -1.908179 	 1.621257 

 599.950376 	 -1.553531 	 -0.433456 	 -0.156836 	 1.644263 	 -4.054664 	 -1.904195 	 1.620475 

 600.950293 	 -1.549029 	 -0.444558 	 -0.162049 	 1.683669 	 -4.043355 	 -1.900073 	 1.619686 

 601.950211 	 -1.544419 	 -0.455628 	 -0.167252 	 1.723015 	 -4.031747 	 -1.895812 	 1.618889 

 602.950128 	 -1.539702 	 -0.466667 	 -0.172442 	 1.762300 	 -4.019841 	 -1.891412 	 1.618084 

 603.950045 	 -1.534876 	 -0.477674 	 -0.177621 	 1.801521 	 -4.007635 	 -1.886873 	 1.617272 

 604.949962 	 -1.529944 	 -0.488647 	 -0.182787 	 1.840676 	 -3.995129 	 -1.882195 	 1.616451 

 605.949880 	 -1.524904 	 -0.499585 	 -0.187941 	 1.879761 	 -3.982324 	 -1.877378 	 1.615624 

 606.949797 	 -1.519757 	 -0.510489 	 -0.193081 	 1.918775 	 -3.969219 	 -1.872422 	 1.614788 

 607.949714 	 -1.514504 	 -0.521357 	 -0.198208 	 1.957715 	 -3.955814 	 -1.867325 	 1.613946 

 608.949631 	 -1.509144 	 -0.532188 	 -0.203321 	 1.996579 	 -3.942109 	 -1.862089 	 1.613095 

 609.949548 	 -1.503677 	 -0.542981 	 -0.208419 	 2.035364 	 -3.928104 	 -1.856714 	 1.612238 

 610.949466 	 -1.498104 	 -0.553736 	 -0.213503 	 2.074067 	 -3.913798 	 -1.851198 	 1.611373 

 611.949383 	 -1.492425 	 -0.564452 	 -0.218571 	 2.112686 	 -3.899192 	 -1.845542 	 1.610501 

 612.949300 	 -1.486641 	 -0.575128 	 -0.223624 	 2.151218 	 -3.884285 	 -1.839746 	 1.609621 

 613.949217 	 -1.480751 	 -0.585763 	 -0.228662 	 2.189662 	 -3.869078 	 -1.833809 	 1.608735 

 614.949134 	 -1.474755 	 -0.596357 	 -0.233682 	 2.228013 	 -3.853569 	 -1.827732 	 1.607841 

 615.949052 	 -1.468655 	 -0.606908 	 -0.238687 	 2.266271 	 -3.837760 	 -1.821515 	 1.606940 

 616.948969 	 -1.462450 	 -0.617416 	 -0.243674 	 2.304431 	 -3.821649 	 -1.815156 	 1.606032 

 617.948886 	 -1.456141 	 -0.627879 	 -0.248644 	 2.342492 	 -3.805238 	 -1.808657 	 1.605117 

 618.948803 	 -1.449727 	 -0.638298 	 -0.253596 	 2.380450 	 -3.788525 	 -1.802017 	 1.604196 

 619.948721 	 -1.443209 	 -0.648671 	 -0.258530 	 2.418303 	 -3.771511 	 -1.795236 	 1.603267 

 620.948638 	 -1.436588 	 -0.658998 	 -0.263445 	 2.456049 	 -3.754196 	 -1.788315 	 1.602331 

 621.948555 	 -1.429863 	 -0.669277 	 -0.268342 	 2.493685 	 -3.736580 	 -1.781252 	 1.601389 

 622.948472 	 -1.423035 	 -0.679507 	 -0.273219 	 2.531207 	 -3.718663 	 -1.774047 	 1.600440 

 623.948389 	 -1.416105 	 -0.689689 	 -0.278076 	 2.568614 	 -3.700445 	 -1.766702 	 1.599484 

 624.948307 	 -1.409072 	 -0.699821 	 -0.282913 	 2.605902 	 -3.681926 	 -1.759215 	 1.598522 

 625.948224 	 -1.401937 	 -0.709902 	 -0.287730 	 2.643069 	 -3.663106 	 -1.751587 	 1.597554 

 626.948141 	 -1.394700 	 -0.719932 	 -0.292526 	 2.680111 	 -3.643984 	 -1.743818 	 1.596578 

 627.948058 	 -1.387362 	 -0.729909 	 -0.297301 	 2.717027 	 -3.624562 	 -1.735907 	 1.595597 

 628.947976 	 -1.379923 	 -0.739833 	 -0.302053 	 2.753814 	 -3.604840 	 -1.727855 	 1.594609 

 629.947893 	 -1.372383 	 -0.749703 	 -0.306784 	 2.790467 	 -3.584817 	 -1.719661 	 1.593614 

 630.947810 	 -1.364743 	 -0.759518 	 -0.311493 	 2.826986 	 -3.564493 	 -1.711326 	 1.592614 

 631.947727 	 -1.357003 	 -0.769278 	 -0.316178 	 2.863366 	 -3.543869 	 -1.702850 	 1.591607 

 632.947644 	 -1.349163 	 -0.778981 	 -0.320841 	 2.899605 	 -3.522945 	 -1.694232 	 1.590594 

 633.947562 	 -1.341224 	 -0.788627 	 -0.325480 	 2.935701 	 -3.501722 	 -1.685472 	 1.589575 

 634.947479 	 -1.333186 	 -0.798214 	 -0.330094 	 2.971649 	 -3.480198 	 -1.676571 	 1.588550 

 635.947396 	 -1.325049 	 -0.807743 	 -0.334685 	 3.007448 	 -3.458376 	 -1.667529 	 1.587520 

 636.947313 	 -1.316815 	 -0.817212 	 -0.339251 	 3.043094 	 -3.436254 	 -1.658346 	 1.586483 

 637.947231 	 -1.308483 	 -0.826621 	 -0.343791 	 3.078584 	 -3.413833 	 -1.649021 	 1.585440 

 638.947148 	 -1.300054 	 -0.835968 	 -0.348306 	 3.113916 	 -3.391114 	 -1.639555 	 1.584392 

 639.947065 	 -1.291528 	 -0.845253 	 -0.352795 	 3.149087 	 -3.368096 	 -1.629948 	 1.583338 

 640.946982 	 -1.282906 	 -0.854474 	 -0.357258 	 3.184092 	 -3.344781 	 -1.620200 	 1.582279 

 641.946899 	 -1.274188 	 -0.863632 	 -0.361694 	 3.218930 	 -3.321168 	 -1.610310 	 1.581214 

 642.946817 	 -1.265374 	 -0.872726 	 -0.366103 	 3.253598 	 -3.297258 	 -1.600280 	 1.580143 

 643.946734 	 -1.256466 	 -0.881754 	 -0.370485 	 3.288092 	 -3.273051 	 -1.590109 	 1.579068 

 644.946651 	 -1.247463 	 -0.890715 	 -0.374838 	 3.322409 	 -3.248548 	 -1.579798 	 1.577986 

 645.946568 	 -1.238366 	 -0.899610 	 -0.379164 	 3.356546 	 -3.223749 	 -1.569345 	 1.576900 

 646.946486 	 -1.229176 	 -0.908436 	 -0.383461 	 3.390501 	 -3.198654 	 -1.558753 	 1.575809 

 647.946403 	 -1.219893 	 -0.917194 	 -0.387729 	 3.424269 	 -3.173265 	 -1.548020 	 1.574712 

 648.946320 	 -1.210517 	 -0.925883 	 -0.391967 	 3.457849 	 -3.147581 	 -1.537147 	 1.573610 

 649.946237 	 -1.201050 	 -0.934501 	 -0.396176 	 3.491236 	 -3.121604 	 -1.526134 	 1.572503 

 650.946154 	 -1.191491 	 -0.943048 	 -0.400354 	 3.524427 	 -3.095333 	 -1.514981 	 1.571392 

 651.946072 	 -1.181841 	 -0.951523 	 -0.404502 	 3.557421 	 -3.068770 	 -1.503689 	 1.570276 

 652.945989 	 -1.172100 	 -0.959925 	 -0.408620 	 3.590212 	 -3.041914 	 -1.492257 	 1.569154 

 653.945906 	 -1.162270 	 -0.968254 	 -0.412705 	 3.622799 	 -3.014767 	 -1.480686 	 1.568029 

 654.945823 	 -1.152351 	 -0.976508 	 -0.416759 	 3.655177 	 -2.987329 	 -1.468976 	 1.566898 

 655.945741 	 -1.142343 	 -0.984688 	 -0.420782 	 3.687344 	 -2.959602 	 -1.457127 	 1.565763 

 656.945658 	 -1.132247 	 -0.992791 	 -0.424771 	 3.719297 	 -2.931585 	 -1.445140 	 1.564624 

 657.945575 	 -1.122064 	 -1.000818 	 -0.428728 	 3.751031 	 -2.903279 	 -1.433014 	 1.563480 

 658.945492 	 -1.111794 	 -1.008767 	 -0.432652 	 3.782545 	 -2.874686 	 -1.420751 	 1.562333 

 659.945409 	 -1.101437 	 -1.016638 	 -0.436542 	 3.813834 	 -2.845806 	 -1.408350 	 1.561180 

 660.945327 	 -1.090995 	 -1.024430 	 -0.440398 	 3.844895 	 -2.816640 	 -1.395812 	 1.560024 

 661.945244 	 -1.080467 	 -1.032141 	 -0.444219 	 3.875726 	 -2.787188 	 -1.383136 	 1.558864 

 662.945161 	 -1.069856 	 -1.039773 	 -0.448006 	 3.906322 	 -2.757452 	 -1.370324 	 1.557700 

 663.945078 	 -1.059160 	 -1.047323 	 -0.451758 	 3.936681 	 -2.727433 	 -1.357375 	 1.556532 

 664.944996 	 -1.048382 	 -1.054790 	 -0.455475 	 3.966798 	 -2.697131 	 -1.344290 	 1.555360 

 665.944913 	 -1.037520 	 -1.062175 	 -0.459155 	 3.996671 	 -2.666548 	 -1.331070 	 1.554184 

 666.944830 	 -1.026578 	 -1.069476 	 -0.462800 	 4.026297 	 -2.635685 	 -1.317714 	 1.553005 

 667.944747 	 -1.015554 	 -1.076693 	 -0.466408 	 4.055671 	 -2.604542 	 -1.304224 	 1.551822 

 668.944664 	 -1.004449 	 -1.083824 	 -0.469979 	 4.084791 	 -2.573121 	 -1.290598 	 1.550636 

 669.944582 	 -0.993265 	 -1.090869 	 -0.473512 	 4.113653 	 -2.541422 	 -1.276839 	 1.549447 

 670.944499 	 -0.982002 	 -1.097828 	 -0.477008 	 4.142254 	 -2.509448 	 -1.262946 	 1.548254 

 671.944416 	 -0.970660 	 -1.104698 	 -0.480466 	 4.170590 	 -2.477199 	 -1.248920 	 1.547058 

 672.944333 	 -0.959241 	 -1.111481 	 -0.483886 	 4.198658 	 -2.444676 	 -1.234761 	 1.545859 

 673.944251 	 -0.947745 	 -1.118174 	 -0.487267 	 4.226455 	 -2.411881 	 -1.220470 	 1.544657 

 674.944168 	 -0.936173 	 -1.124778 	 -0.490608 	 4.253976 	 -2.378815 	 -1.206047 	 1.543452 

 675.944085 	 -0.924526 	 -1.131291 	 -0.493911 	 4.281219 	 -2.345480 	 -1.191493 	 1.542244 

 676.944002 	 -0.912804 	 -1.137713 	 -0.497173 	 4.308180 	 -2.311876 	 -1.176809 	 1.541033 

 677.943919 	 -0.901008 	 -1.144043 	 -0.500395 	 4.334856 	 -2.278005 	 -1.161994 	 1.539820 

 678.943837 	 -0.889139 	 -1.150280 	 -0.503576 	 4.361242 	 -2.243869 	 -1.147050 	 1.538604 

 679.943754 	 -0.877198 	 -1.156424 	 -0.506717 	 4.387336 	 -2.209469 	 -1.131976 	 1.537386 

 680.943671 	 -0.865186 	 -1.162474 	 -0.509816 	 4.413134 	 -2.174806 	 -1.116775 	 1.536165 

 681.943588 	 -0.853103 	 -1.168428 	 -0.512874 	 4.438633 	 -2.139882 	 -1.101445 	 1.534942 

 682.943506 	 -0.840950 	 -1.174287 	 -0.515890 	 4.463829 	 -2.104699 	 -1.085988 	 1.533717 

 683.943423 	 -0.828728 	 -1.180050 	 -0.518863 	 4.488718 	 -2.069259 	 -1.070405 	 1.532490 

 684.943340 	 -0.816437 	 -1.185716 	 -0.521794 	 4.513297 	 -2.033562 	 -1.054697 	 1.531261 

 685.943257 	 -0.804080 	 -1.191283 	 -0.524682 	 4.537563 	 -1.997612 	 -1.038863 	 1.530030 

 686.943174 	 -0.791656 	 -1.196753 	 -0.527526 	 4.561512 	 -1.961408 	 -1.022904 	 1.528797 

 687.943092 	 -0.779167 	 -1.202123 	 -0.530327 	 4.585139 	 -1.924954 	 -1.006822 	 1.527563 

 688.943009 	 -0.766613 	 -1.207394 	 -0.533084 	 4.608443 	 -1.888251 	 -0.990617 	 1.526327 

 689.942926 	 -0.753995 	 -1.212564 	 -0.535796 	 4.631419 	 -1.851302 	 -0.974290 	 1.525089 

 690.942843 	 -0.741314 	 -1.217633 	 -0.538464 	 4.654064 	 -1.814107 	 -0.957842 	 1.523850 

 691.942761 	 -0.728571 	 -1.222600 	 -0.541086 	 4.676374 	 -1.776669 	 -0.941273 	 1.522610 

 692.942678 	 -0.715767 	 -1.227464 	 -0.543663 	 4.698346 	 -1.738990 	 -0.924584 	 1.521368 

 693.942595 	 -0.702903 	 -1.232226 	 -0.546195 	 4.719975 	 -1.701072 	 -0.907777 	 1.520126 

 694.942512 	 -0.689980 	 -1.236883 	 -0.548680 	 4.741260 	 -1.662917 	 -0.890851 	 1.518882 

 695.942429 	 -0.676998 	 -1.241436 	 -0.551120 	 4.762195 	 -1.624527 	 -0.873809 	 1.517637 

 696.942347 	 -0.663959 	 -1.245884 	 -0.553512 	 4.782777 	 -1.585905 	 -0.856650 	 1.516392 

 697.942264 	 -0.650864 	 -1.250226 	 -0.555858 	 4.803004 	 -1.547053 	 -0.839376 	 1.515146 

 698.942181 	 -0.637714 	 -1.254462 	 -0.558156 	 4.822871 	 -1.507972 	 -0.821988 	 1.513900 

 699.942098 	 -0.624508 	 -1.258591 	 -0.560406 	 4.842374 	 -1.468666 	 -0.804486 	 1.512652 

 700.942016 	 -0.611250 	 -1.262612 	 -0.562609 	 4.861511 	 -1.429137 	 -0.786872 	 1.511405 

 701.941933 	 -0.597939 	 -1.266525 	 -0.564763 	 4.880278 	 -1.389387 	 -0.769147 	 1.510157 

 702.941850 	 -0.584577 	 -1.270329 	 -0.566869 	 4.898670 	 -1.349418 	 -0.751311 	 1.508909 

 703.941767 	 -0.571165 	 -1.274024 	 -0.568927 	 4.916686 	 -1.309233 	 -0.733367 	 1.507662 

 704.941684 	 -0.557703 	 -1.277609 	 -0.570934 	 4.934320 	 -1.268836 	 -0.715314 	 1.506414 

 705.941602 	 -0.544192 	 -1.281083 	 -0.572893 	 4.951570 	 -1.228227 	 -0.697154 	 1.505166 

 706.941519 	 -0.530635 	 -1.284446 	 -0.574802 	 4.968433 	 -1.187410 	 -0.678888 	 1.503919 

 707.941436 	 -0.517031 	 -1.287697 	 -0.576661 	 4.984903 	 -1.146389 	 -0.660518 	 1.502672 

 708.941353 	 -0.503383 	 -1.290836 	 -0.578469 	 5.000980 	 -1.105164 	 -0.642044 	 1.501425 

 709.941270 	 -0.489690 	 -1.293862 	 -0.580227 	 5.016657 	 -1.063740 	 -0.623467 	 1.500179 

 710.941188 	 -0.475955 	 -1.296774 	 -0.581934 	 5.031933 	 -1.022120 	 -0.604790 	 1.498934 

 711.941105 	 -0.462177 	 -1.299573 	 -0.583590 	 5.046804 	 -0.980305 	 -0.586012 	 1.497690 

 712.941022 	 -0.448359 	 -1.302257 	 -0.585194 	 5.061267 	 -0.938300 	 -0.567136 	 1.496446 

 713.940939 	 -0.434501 	 -1.304826 	 -0.586747 	 5.075317 	 -0.896106 	 -0.548163 	 1.495204 

 714.940857 	 -0.420605 	 -1.307279 	 -0.588248 	 5.088952 	 -0.853728 	 -0.529094 	 1.493962 

 715.940774 	 -0.406671 	 -1.309617 	 -0.589697 	 5.102168 	 -0.811168 	 -0.509930 	 1.492722 

 716.940691 	 -0.392702 	 -1.311838 	 -0.591093 	 5.114961 	 -0.768430 	 -0.490672 	 1.491484 

 717.940608 	 -0.378697 	 -1.313942 	 -0.592436 	 5.127330 	 -0.725516 	 -0.471323 	 1.490247 

 718.940525 	 -0.364658 	 -1.315928 	 -0.593727 	 5.139269 	 -0.682431 	 -0.451884 	 1.489011 

 719.940443 	 -0.350587 	 -1.317797 	 -0.594964 	 5.150776 	 -0.639176 	 -0.432355 	 1.487777 

 720.940360 	 -0.336484 	 -1.319547 	 -0.596148 	 5.161848 	 -0.595757 	 -0.412739 	 1.486546 

 721.940277 	 -0.322351 	 -1.321178 	 -0.597278 	 5.172482 	 -0.552176 	 -0.393037 	 1.485316 

 722.940194 	 -0.308189 	 -1.322690 	 -0.598354 	 5.182673 	 -0.508437 	 -0.373250 	 1.484088 

 723.940112 	 -0.293999 	 -1.324082 	 -0.599376 	 5.192419 	 -0.464543 	 -0.353381 	 1.482862 

 724.940029 	 -0.279782 	 -1.325354 	 -0.600344 	 5.201717 	 -0.420497 	 -0.333430 	 1.481639 

 725.939946 	 -0.265539 	 -1.326505 	 -0.601257 	 5.210564 	 -0.376305 	 -0.313399 	 1.480418 

 726.939863 	 -0.251273 	 -1.327535 	 -0.602115 	 5.218955 	 -0.331969 	 -0.293290 	 1.479199 

 727.939780 	 -0.236983 	 -1.328444 	 -0.602918 	 5.226890 	 -0.287492 	 -0.273104 	 1.477984 

 728.939698 	 -0.222672 	 -1.329232 	 -0.603666 	 5.234363 	 -0.242880 	 -0.252843 	 1.476771 

 729.939615 	 -0.208341 	 -1.329897 	 -0.604358 	 5.241373 	 -0.198136 	 -0.232510 	 1.475561 

 730.939576 	 -0.193990 	 -1.330439 	 -0.604994 	 5.247916 	 -0.153263 	 -0.212105 	 1.474354 
