100.000000 100.000000 100.000000 100.000000 100.000000 100.000000 100.000000 100.000000 100.000000 100.000000 100.000000 100.000000 100.000000 100.000000 100.000000 100.000000 100.000000 100.000000 100.000000 100.000000 100.000000 50.000000 
75.000000 86.958241 91.371141 93.186297 93.974839 94.304441 94.409061 94.396912 94.322094 94.211867 94.077836 93.920465 93.730185 93.485917 93.150391 92.659652 91.899791 90.651801 88.447869 84.155065 74.635513 50.000000 
75.000000 81.487084 85.383104 87.458761 88.482973 88.921064 89.032743 88.962617 88.791478 88.562585 88.294609 87.987413 87.623419 87.165303 86.549215 85.670756 84.357537 82.315567 79.025871 73.562781 64.397295 50.000000 
75.000000 78.650001 81.287198 82.880978 83.699338 84.006809 83.997961 83.802205 83.500538 83.139151 82.737972 82.294960 81.786991 81.167522 80.360464 79.248817 77.655792 75.316307 71.842493 66.713163 59.405866 50.000000 
75.000000 76.885030 78.332769 79.212418 79.592416 79.602383 79.366434 78.981640 78.515308 78.007870 77.476174 76.915484 76.299681 75.579461 74.678299 73.486024 71.850568 69.570964 66.401718 62.094869 56.532191 50.000000 
75.000000 75.631154 76.067834 76.208791 76.060104 75.682400 75.150261 74.530640 73.873926 73.211303 72.554505 71.896008 71.208768 70.445172 69.535225 68.384502 66.873441 64.861669 62.204944 58.797288 54.650875 50.000000 
75.000000 74.657971 74.239952 73.686934 72.994411 72.193731 71.330804 70.450827 69.589516 68.768829 67.995149 67.258560 66.532455 65.773201 64.920011 63.895697 62.609775 60.966520 58.881879 56.313096 53.299914 50.000000 
75.000000 73.857103 72.704554 71.518437 70.301190 69.075194 67.872157 66.723658 65.654576 64.679209 63.799268 63.002988 62.264877 61.545941 60.794556 59.948534 58.939401 57.700290 56.178900 54.355737 52.263957 50.000000 
75.000000 73.169847 71.372349 69.611212 67.901023 66.264763 64.728534 63.316182 62.045158 60.923841 59.950108 59.110755 58.381554 57.727854 57.105878 56.465098 55.752231 54.917495 53.923384 52.755166 51.430128 50.000000 
75.000000 72.558980 70.181389 67.893833 65.724269 63.700463 61.847372 60.184552 58.724190 57.469914 56.416277 55.548762 54.844189 54.271548 53.793335 53.367647 52.951269 52.503970 51.993885 51.403193 50.732304 50.000000 
75.000000 71.996226 69.081789 66.304225 63.705129 61.318548 59.169961 57.275876 55.643904 54.273150 53.154792 52.272752 51.604476 51.121856 50.792391 50.580698 50.450479 50.366946 50.299565 50.224653 50.127060 50.000000 
75.000000 71.455627 68.026361 64.781287 61.775971 59.050642 56.630787 54.529069 52.747621 51.280172 50.113787 49.230232 48.607050 48.218484 48.036325 48.030740 48.171056 48.426460 48.766505 49.161384 49.582002 50.000000 
75.000000 70.908902 66.963450 63.257711 59.861794 56.820432 54.156302 51.875219 49.971224 48.430652 47.235045 46.363094 45.791907 45.497822 45.456890 45.644995 46.037513 46.608323 47.328121 48.162293 49.069168 50.000000 
75.000000 70.320683 65.829438 61.652332 57.874234 54.540032 51.663540 49.237973 47.244731 45.659588 44.456565 43.610177 43.096647 42.894499 42.984663 43.350010 43.974006 44.838087 45.917482 47.175836 48.560250 50.000000 
75.000000 69.641565 64.538349 59.860182 55.704383 52.106129 49.059091 46.534474 44.494422 42.900024 41.715491 40.910093 40.458923 40.343111 40.549632 41.070540 41.901001 43.035280 44.459695 46.142323 48.021569 50.000000 
75.000000 68.795505 62.964609 57.737929 53.213862 49.396368 46.239214 43.677626 41.646099 40.086627 38.951643 38.204540 37.819386 37.780572 38.082535 38.729234 39.732453 41.107316 42.862582 44.983306 47.406479 50.000000 
75.000000 67.653545 60.911695 55.081711 50.224421 46.267557 43.092700 40.580800 38.630117 37.160428 36.111829 35.442243 35.125340 35.149463 35.517597 36.247974 37.374265 38.943026 41.003721 43.583716 46.640598 50.000000 
75.000000 65.972699 58.052340 51.594794 46.509240 42.559611 39.509246 37.166464 35.388803 34.074850 33.154838 32.583401 32.335111 32.402653 32.797421 33.552294 34.726051 36.407368 38.712219 41.758761 45.588188 50.000000 
75.000000 63.237531 53.814199 46.848822 41.796906 38.113428 35.397493 33.380226 31.886383 30.802644 30.056601 29.604147 29.422763 29.509169 29.880753 30.581091 31.690577 33.343204 35.747170 39.191229 43.965558 50.000000 
75.000000 58.201933 47.179438 40.271539 35.816864 32.816420 30.716878 29.210337 28.120305 27.342485 26.814429 26.500057 26.382251 26.460540 26.753058 27.303770 28.198292 29.595738 31.790630 35.321911 41.090979 50.000000 
75.000000 47.415050 36.467935 31.291342 28.443999 26.689433 25.521947 24.708495 24.130454 23.722846 23.448661 23.287293 23.229429 23.275567 23.437533 23.744061 24.254365 25.091031 26.526158 29.231129 35.080527 50.000000 
20.000000 20.000000 20.000000 20.000000 20.000000 20.000000 20.000000 20.000000 20.000000 20.000000 20.000000 20.000000 20.000000 20.000000 20.000000 20.000000 20.000000 20.000000 20.000000 20.000000 20.000000 0.000000 
