100.000000 100.000000 100.000000 100.000000 100.000000 100.000000 100.000000 100.000000 100.000000 100.000000 100.000000 100.000000 100.000000 100.000000 100.000000 100.000000 100.000000 100.000000 100.000000 100.000000 100.000000 50.000000 
75.000000 87.015256 91.482627 93.348588 94.183244 94.553369 94.692156 94.707203 94.652154 94.553983 94.424176 94.263255 94.061875 93.799350 93.438954 92.917421 92.121653 90.833559 88.586324 84.248071 74.682006 50.000000 
75.000000 81.598434 85.600842 87.775727 88.890012 89.407257 89.585677 89.568674 89.436153 89.230809 88.971085 88.656954 88.271279 87.777503 87.112839 86.174232 84.790880 82.670581 79.296307 73.744447 64.488111 50.000000 
75.000000 78.811774 81.603546 83.341508 84.290754 84.713251 84.801395 84.682846 84.437307 84.110152 83.720974 83.267893 82.728428 82.057146 81.179506 79.980462 78.285527 75.832222 72.235503 66.977174 59.537850 50.000000 
75.000000 77.092225 78.737957 79.802302 80.349976 80.507312 80.395637 80.109776 79.715375 79.251816 78.735520 78.161952 77.505817 76.719234 75.727661 74.423427 72.657417 70.231993 66.905285 62.433157 56.701312 50.000000 
75.000000 75.877846 76.550284 76.911188 76.962198 76.760022 76.375917 75.874159 75.303153 74.692829 74.054410 73.380610 72.645366 71.802756 70.785147 69.501093 67.834546 65.649097 62.804817 59.200285 54.852353 50.000000 
75.000000 74.937493 74.786636 74.482889 74.016712 73.415005 72.719904 71.973566 71.209455 70.448101 69.695305 68.941419 68.160945 67.312164 66.336967 65.161540 63.699380 61.859254 59.561999 56.770020 53.528361 50.000000 
75.000000 74.162238 73.301368 72.387429 71.417355 70.408665 69.388942 68.386436 67.423563 66.513056 65.655986 64.840876 64.043443 63.226782 62.342191 61.331163 60.129571 58.675453 56.921844 54.854887 52.513526 50.000000 
75.000000 73.493028 72.004496 70.531703 69.083399 67.677409 66.335453 65.077850 63.919429 62.866909 61.917481 61.058245 60.266249 59.509052 58.745971 57.930377 57.013590 55.951024 54.710827 53.284234 51.694667 50.000000 
75.000000 72.892477 70.833753 68.843816 66.944594 65.158524 63.506034 62.003027 60.658983 59.475806 58.447338 57.559369 56.790033 56.110600 55.486757 54.880624 54.253735 53.571221 52.807053 51.949567 51.005508 50.000000 
75.000000 72.332330 69.739294 67.261748 64.935206 62.788335 60.842042 59.109146 57.594521 56.295527 55.202621 54.300031 53.566524 52.976286 52.500032 52.106432 51.763974 51.443275 51.119681 50.775719 50.402622 50.000000 
75.000000 71.786826 68.674306 65.724940 62.988292 60.499283 58.278888 56.336125 54.670423 53.273786 52.132565 51.228821 50.541394 50.046789 49.719965 49.535079 49.466178 49.487771 49.575208 49.704803 49.853751 50.000000 
75.000000 71.228032 67.587816 64.167072 61.030116 58.216561 55.744727 53.616914 51.824548 50.352298 49.181010 48.289659 47.656600 47.260349 47.080005 47.095300 47.286155 47.631580 48.107855 48.686266 49.331203 50.000000 
75.000000 70.621069 66.417163 62.508365 58.974090 55.854401 53.159002 50.877792 48.989709 47.468950 46.288880 45.424276 44.852534 44.554225 44.513151 44.715801 45.149919 45.801772 46.651846 47.669337 48.807055 50.000000 
75.000000 69.917144 65.077559 60.645585 56.713532 53.312142 50.431313 48.039205 46.095695 44.560423 43.396994 42.574919 42.070365 41.866337 41.952445 42.324062 42.980281 43.919796 45.133748 46.595308 48.248119 50.000000 
75.000000 69.040923 63.444824 58.437425 54.112659 50.470534 47.461453 45.017926 43.072423 41.565649 40.449494 39.687563 39.254880 39.137506 39.332225 39.845950 40.693963 41.895332 43.463111 45.386891 47.608329 50.000000 
75.000000 67.864244 61.323986 55.682285 50.996130 47.189861 44.142165 41.731658 39.854863 38.430443 37.398030 36.715729 36.358027 36.314704 36.590757 37.206957 38.199978 39.619759 41.519453 43.930321 46.813954 50.000000 
75.000000 66.144978 58.389459 52.085877 47.140271 43.313797 40.367427 38.107570 36.390340 35.113416 34.206648 33.624820 33.343172 33.355565 33.675037 34.336546 35.401320 36.960808 39.133997 42.042228 45.729968 50.000000 
75.000000 63.368593 54.070668 47.222427 42.276987 38.687209 36.050397 34.096224 32.648361 31.592795 30.856830 30.396470 30.189708 30.234156 30.548455 31.177761 32.204334 33.764274 36.068071 39.406901 44.073431 50.000000 
75.000000 58.289914 47.351606 40.522342 36.139146 33.201605 31.155179 29.690993 28.631827 27.872918 27.351624 27.031942 26.897097 26.947217 27.201278 27.704306 28.543169 29.878395 32.006046 35.466689 41.163393 50.000000 
75.000000 47.459030 36.554000 31.416715 28.605103 26.881981 25.741045 24.948764 24.386149 23.987991 23.717183 23.553158 23.486774 23.518828 23.661569 23.944262 24.426745 25.232311 26.633828 29.303493 35.116721 50.000000 
20.000000 20.000000 20.000000 20.000000 20.000000 20.000000 20.000000 20.000000 20.000000 20.000000 20.000000 20.000000 20.000000 20.000000 20.000000 20.000000 20.000000 20.000000 20.000000 20.000000 20.000000 0.000000 
