100.000000 100.000000 100.000000 100.000000 100.000000 100.000000 100.000000 100.000000 100.000000 100.000000 100.000000 100.000000 100.000000 100.000000 100.000000 100.000000 100.000000 100.000000 100.000000 100.000000 100.000000 50.000000 
75.000000 87.060533 91.571170 93.477483 94.348762 94.751060 94.916958 94.953565 94.914165 94.825504 94.698983 94.535173 94.324919 94.047850 93.667682 93.121697 92.297443 90.977556 88.696007 84.321750 74.718840 50.000000 
75.000000 81.686898 85.773838 88.027569 89.213413 89.793523 90.024918 90.050043 89.948098 89.761337 89.508033 89.188258 88.785243 88.263051 87.559753 86.573370 85.134361 82.951941 79.510622 73.888412 64.560084 50.000000 
75.000000 78.940373 81.855033 83.707620 84.760903 85.274798 85.439964 85.382669 85.181589 84.881455 84.501616 84.040334 83.475662 82.763070 81.829266 80.560765 78.784914 76.241296 72.547104 67.186494 59.642497 50.000000 
75.000000 77.257050 79.060299 80.271574 80.952613 81.227117 81.214186 81.006857 80.669461 80.240554 79.736239 79.152169 78.463731 77.624201 76.560637 75.167370 73.297635 70.756437 67.304771 62.701519 56.835479 50.000000 
75.000000 76.074257 76.934409 77.470422 77.680382 77.617862 77.351460 76.943318 76.440273 75.871269 75.247150 74.560852 73.787123 72.881420 71.778018 70.387855 68.597684 66.274244 63.281022 59.520192 55.012294 50.000000 
75.000000 75.160252 75.222304 75.117185 74.831319 74.388046 73.826484 73.186367 72.499376 71.784923 71.048376 70.280339 69.456230 68.535896 67.463389 66.167600 64.565202 62.568534 60.102305 57.132997 53.709841 50.000000 
75.000000 74.405655 73.777457 73.080598 72.307600 71.472090 70.598345 69.711968 68.833419 67.974210 67.134934 66.304388 65.459291 64.564446 63.573512 62.430937 61.076067 59.450840 57.512523 55.251716 52.711936 50.000000 
75.000000 73.751109 72.509287 71.266690 70.027386 68.805066 67.617948 66.483532 65.414576 64.416498 63.485981 62.610411 61.767899 60.927812 60.051973 59.096881 58.017542 56.773501 55.337395 53.705187 51.905145 50.000000 
75.000000 73.159077 71.355229 69.603126 67.919855 66.323581 64.831105 63.455420 62.203857 61.076975 60.068090 59.163283 58.341785 57.576733 56.836399 56.086138 55.291286 54.421247 53.454627 52.384645 51.223055 50.000000 
75.000000 72.601296 70.265417 68.027855 65.919234 63.963904 62.179112 60.574736 59.153476 57.911335 56.838232 55.918690 55.132580 54.455970 53.862181 53.323148 52.811193 52.301245 51.773325 51.214887 50.622221 50.000000 
75.000000 72.052133 69.193294 66.480685 63.959044 61.659031 59.598004 57.782076 56.208531 54.868028 53.746386 52.825954 52.086660 51.506864 51.064095 50.735728 50.499595 50.334455 50.220271 50.138219 50.070481 50.000000 
75.000000 71.483915 68.088387 64.896023 61.966483 59.335264 57.017195 55.011770 53.308342 51.890281 50.737917 49.830502 49.147436 48.669025 48.376847 48.253735 48.283261 48.448534 48.730284 49.104486 49.540340 50.000000 
75.000000 70.862135 66.888764 63.195152 59.856321 56.908456 54.357967 52.192108 50.387860 48.918194 47.755986 46.876273 46.257436 45.881730 45.735289 45.807528 46.089627 46.571716 47.238472 48.063510 49.004172 50.000000 
75.000000 70.138475 65.510567 61.276187 57.523610 54.280015 51.532275 49.246113 47.379613 45.891283 44.744283 43.908355 43.360573 43.085486 43.074848 43.326714 43.843333 44.626947 45.672543 46.957350 48.429172 50.000000 
75.000000 69.238166 63.830715 58.999423 54.834625 51.333150 48.442702 46.093620 44.216773 42.751856 41.650359 40.876098 40.404900 40.224203 40.332699 40.739696 41.463284 42.525693 43.943407 45.709631 47.769731 50.000000 
75.000000 68.033679 61.655482 56.165072 51.616350 47.930920 44.985153 42.655795 40.837994 39.449546 38.429737 37.736851 37.346068 37.248350 37.450333 37.974844 38.860969 40.161364 41.932129 44.207627 46.952638 50.000000 
75.000000 66.283579 58.660634 52.480820 47.647646 43.920033 41.057054 38.863589 37.194627 35.947136 35.050684 34.460201 34.151494 34.119390 34.378269 34.964769 35.942095 37.403915 39.471624 42.269106 45.843433 50.000000 
75.000000 63.474069 54.277035 47.522985 42.663111 39.148572 36.575225 34.671581 33.260452 32.227287 31.499174 31.032228 30.804873 30.815457 31.083644 31.655866 32.615889 34.101500 36.325025 39.579569 44.159786 50.000000 
75.000000 58.360733 47.490166 40.724146 36.398403 33.511380 31.507567 30.077307 29.042804 28.298934 27.782911 27.458805 27.310132 27.337514 27.560613 28.025314 28.819493 30.104815 32.178569 35.582623 41.221374 50.000000 
75.000000 47.494434 36.623269 31.517601 28.734711 27.036843 25.917209 25.141886 24.591600 24.200958 23.932783 23.766545 23.693246 23.713933 23.841195 24.104727 24.564873 25.345492 26.720069 29.361445 35.145705 50.000000 
20.000000 20.000000 20.000000 20.000000 20.000000 20.000000 20.000000 20.000000 20.000000 20.000000 20.000000 20.000000 20.000000 20.000000 20.000000 20.000000 20.000000 20.000000 20.000000 20.000000 20.000000 0.000000 
