100.000000 100.000000 100.000000 100.000000 100.000000 100.000000 100.000000 100.000000 100.000000 100.000000 100.000000 100.000000 100.000000 100.000000 100.000000 100.000000 100.000000 100.000000 100.000000 100.000000 100.000000 50.000000 
75.000000 87.096561 91.641624 93.580045 94.480460 94.908345 95.095795 95.149527 95.122541 95.041406 94.917457 94.751311 94.533963 94.245302 93.849395 93.283961 92.437065 91.091918 88.783114 84.380264 74.748094 50.000000 
75.000000 81.757308 85.911532 88.228014 89.470802 90.100919 90.374434 90.433031 90.355348 90.183296 89.935019 89.610676 89.193798 88.648949 87.914891 86.890499 85.407238 83.175450 79.680865 74.002773 64.617258 50.000000 
75.000000 79.042766 82.055276 83.999126 85.135223 85.721849 85.948275 85.939661 85.773869 85.495130 85.122604 84.654681 84.069850 83.324310 82.345769 81.021991 79.181785 76.566368 72.794707 67.352822 59.725653 50.000000 
75.000000 77.388353 79.317082 80.645394 81.432640 81.800421 81.866058 81.721166 81.429033 81.027570 80.532640 79.940059 79.225773 78.343992 77.223058 75.758903 73.806636 71.173358 67.622339 62.914849 56.942136 50.000000 
75.000000 76.230812 77.240584 77.916153 78.252761 78.301475 78.128770 77.795091 77.346030 76.809764 76.196846 75.500408 74.695865 73.739787 72.567979 71.093288 69.204699 66.771456 63.659752 59.774612 55.139497 50.000000 
75.000000 75.337922 75.569783 75.623059 75.480943 75.163929 74.708726 74.153140 73.527438 72.850158 72.126340 71.346808 70.487735 69.510233 68.360091 66.968364 65.254259 63.132955 60.532236 57.421818 53.854246 50.000000 
75.000000 74.599936 74.157432 73.633795 73.018012 72.320593 71.563181 70.769268 69.957767 69.139231 68.313895 67.470796 66.587476 65.630121 64.554288 63.306794 61.829754 60.068212 57.982797 55.567645 52.869898 50.000000 
75.000000 73.957245 72.912458 71.853672 70.781201 69.705432 68.641778 67.605503 66.607718 65.652824 64.737121 63.848249 62.965193 62.058786 61.092864 60.026438 58.817452 57.428748 55.836529 54.040511 52.072807 50.000000 
75.000000 73.372174 71.772027 70.209965 68.699192 67.254450 65.889645 64.615451 63.437498 62.355290 61.361745 60.443206 59.579808 58.746198 57.912735 57.047365 56.118465 55.098845 53.970797 52.731421 51.396448 50.000000 
75.000000 72.816441 70.686235 68.640562 66.706125 64.903819 63.247963 61.746089 60.399182 59.202176 58.144587 57.211202 56.382799 55.636978 54.949159 54.293896 53.646581 52.985580 52.294638 51.565126 50.797349 50.000000 
75.000000 72.264503 69.608695 67.085521 64.735846 62.586917 60.653197 58.938485 57.438368 56.142447 55.036145 54.102066 53.321038 52.672926 52.137335 51.694225 51.324455 51.010178 50.735034 50.484064 50.243415 50.000000 
75.000000 71.688880 68.489314 65.479799 62.716253 60.230879 58.035711 56.128005 54.495475 53.120468 51.982932 51.062363 50.339029 49.794688 49.412920 49.179054 49.079582 49.100890 49.227255 49.438383 49.707304 50.000000 
75.000000 71.055353 67.266721 63.745494 60.563166 57.752812 55.318208 53.244494 51.507106 50.078050 48.929840 48.037741 47.380953 46.943098 46.712199 46.680021 46.840498 47.186848 47.707094 48.378367 49.161618 50.000000 
75.000000 70.315976 65.857787 61.781783 58.172996 55.055748 52.414487 50.212998 48.407939 46.956935 45.822808 44.975514 44.392874 44.060696 43.972467 44.128402 44.533279 45.192175 46.103153 47.246672 48.573852 50.000000 
75.000000 69.396426 64.140304 59.450230 55.413650 52.024842 49.229347 46.955776 45.133726 43.702102 42.612094 41.827706 41.325433 41.093835 41.133149 41.454606 42.078554 43.029752 44.327421 45.967649 47.898759 50.000000 
75.000000 68.169684 61.921538 56.552495 52.113969 48.525373 45.661217 43.396762 41.626062 40.266233 39.256304 38.554721 38.137236 37.995775 38.138303 38.589299 39.389790 40.594603 42.262193 44.429399 47.063541 50.000000 
75.000000 66.394870 58.878347 52.797850 48.054855 44.406485 41.610293 39.469944 37.839528 36.615460 35.727097 35.129498 34.798943 34.731045 34.941271 35.467613 36.374861 37.758463 39.741740 42.450600 45.934195 50.000000 
75.000000 63.558781 54.442755 47.764306 42.973075 39.518857 36.996351 35.133139 33.751353 32.736018 32.014062 31.541700 31.297714 31.281053 31.512205 32.038635 32.945315 34.371388 36.530642 39.717727 44.228876 50.000000 
75.000000 58.417619 47.601451 40.886199 36.606553 33.760036 31.790364 30.387255 29.372456 28.640558 28.128668 27.800924 27.641083 27.650168 27.848397 28.282348 29.040707 30.286048 32.316644 35.675398 41.267770 50.000000 
75.000000 47.522874 36.678905 31.598618 28.838773 27.161156 26.058590 25.296840 24.756404 24.371747 24.105637 23.937579 23.858696 23.870234 23.985063 24.233222 24.675461 25.436093 26.789094 29.407824 35.168898 50.000000 
20.000000 20.000000 20.000000 20.000000 20.000000 20.000000 20.000000 20.000000 20.000000 20.000000 20.000000 20.000000 20.000000 20.000000 20.000000 20.000000 20.000000 20.000000 20.000000 20.000000 20.000000 0.000000 
