100.000000 100.000000 100.000000 100.000000 100.000000 100.000000 100.000000 100.000000 100.000000 100.000000 100.000000 100.000000 100.000000 100.000000 100.000000 100.000000 100.000000 100.000000 100.000000 100.000000 100.000000 50.000000 
75.000000 87.125263 91.697754 93.661754 94.585375 95.033634 95.238238 95.305594 95.288475 95.213311 95.091386 94.923356 94.700341 94.402434 93.993985 93.413064 92.548146 91.182897 88.852409 84.426812 74.771366 50.000000 
75.000000 81.813412 86.021250 88.387732 89.675881 90.345826 90.652874 90.738101 90.679706 90.519325 90.275004 89.946978 89.519022 88.956100 88.197526 87.142861 85.624371 83.353292 79.816320 74.093764 64.662751 50.000000 
75.000000 79.124378 82.214878 84.231460 85.433547 86.078111 86.353318 86.383445 86.245712 85.983952 85.617183 85.143904 84.542957 83.771126 82.756925 81.389110 79.497655 76.825081 72.991760 67.485193 59.791835 50.000000 
75.000000 77.493042 79.521817 80.943434 81.815335 82.257443 82.385661 82.290472 82.034336 81.654658 81.167117 80.567668 79.832710 78.917205 77.750526 76.229879 74.211868 71.505265 67.875143 63.084673 57.027043 50.000000 
75.000000 76.355685 77.484794 78.271663 78.709256 78.846636 78.748588 78.474204 78.068090 77.557817 76.953719 76.249094 75.419896 74.423593 73.197218 71.655141 69.688127 67.167413 63.961345 59.977212 55.240793 50.000000 
75.000000 75.479701 75.847061 76.026712 75.999264 75.782934 75.412508 74.924258 74.347330 73.699574 72.985779 72.196957 71.309897 70.286726 69.074627 67.606385 65.803229 63.582600 60.874726 57.651894 53.969281 50.000000 
75.000000 74.755045 74.460786 74.075417 73.585096 72.997844 72.333197 71.612967 70.854842 70.068619 69.254261 68.401007 67.487072 66.479756 65.336139 64.004930 62.430456 60.560234 58.357571 55.819412 52.995779 50.000000 
75.000000 74.121902 73.234492 72.322496 71.383226 70.424421 69.459261 68.501223 67.560118 66.639542 65.735505 64.835865 63.920316 62.960874 61.922993 60.767692 59.455262 57.951172 56.234466 54.307842 52.206473 50.000000 
75.000000 73.542480 72.105117 70.694893 69.321906 67.998161 66.735250 65.541998 64.422688 63.375993 62.394529 61.464862 60.567863 59.679402 58.771508 57.814206 56.778300 55.639317 54.382486 53.007995 51.534737 50.000000 
75.000000 72.988474 71.022707 69.130425 67.335187 65.655124 64.102214 62.682124 61.394474 60.233358 59.187987 58.243372 57.381035 56.579808 55.816802 55.068668 54.313249 53.531657 52.710602 51.844576 50.937079 50.000000 
75.000000 72.434403 69.941002 67.569328 65.357143 63.328958 61.496928 59.863006 58.421429 57.160971 56.066749 55.121591 54.307056 53.604228 52.994379 52.459541 51.982995 51.549604 51.145938 50.760119 50.381449 50.000000 
75.000000 71.852935 68.810194 65.946977 63.316205 60.947438 58.850479 57.020801 55.444814 54.104065 52.978207 52.046949 51.291267 50.694094 50.240621 49.918177 49.715591 49.621867 49.624112 49.705005 49.840623 50.000000 
75.000000 71.210073 67.569350 64.186107 61.129012 58.428645 56.086677 54.086568 52.402521 51.005786 49.868600 48.966429 48.279138 47.791459 47.492933 47.377210 47.440431 47.678280 48.081448 48.629873 49.287381 50.000000 
75.000000 70.458168 66.135915 62.186730 58.693045 55.676890 53.120776 50.986944 49.230919 47.809630 46.685642 45.829098 45.218429 44.840463 44.690081 44.769231 45.084719 45.643889 46.447256 47.477858 48.689455 50.000000 
75.000000 69.523250 64.388375 59.811419 55.877508 52.578875 49.859335 47.646116 45.867809 44.462695 43.381738 42.589104 42.061834 41.789398 41.773275 42.026243 42.570458 43.432699 44.634377 46.173880 48.001884 50.000000 
75.000000 68.278705 62.134788 56.862989 52.512725 49.001652 46.202795 43.990227 42.257135 40.920099 39.917954 39.209285 38.770314 38.593748 38.688620 39.080739 39.812685 40.941024 42.526092 44.606702 47.152202 50.000000 
75.000000 66.484102 59.052889 53.051986 48.381235 44.796319 42.053577 39.955699 38.356068 37.150658 36.268667 35.665270 35.317129 35.220498 35.391719 35.869870 36.721014 38.042021 39.957751 42.595731 46.006769 50.000000 
75.000000 63.626714 54.575636 47.957784 43.221554 39.815646 37.333832 35.502955 34.144606 33.143477 32.426372 31.949596 31.692222 31.653685 31.855142 32.344884 33.208851 34.587269 36.695098 39.828220 44.284129 50.000000 
75.000000 58.463242 47.690693 41.016137 36.773429 33.959357 32.017013 30.635619 29.636560 28.914202 28.405570 28.074861 27.906028 27.900422 28.078708 28.488019 29.217693 30.431030 32.427090 35.749603 41.304877 50.000000 
75.000000 47.545684 36.723523 31.663582 28.922205 27.260808 26.171905 25.421011 24.888443 24.508555 24.244073 24.074533 23.991153 23.995347 24.100205 24.336045 24.763943 25.508575 26.844310 29.444922 35.187450 50.000000 
20.000000 20.000000 20.000000 20.000000 20.000000 20.000000 20.000000 20.000000 20.000000 20.000000 20.000000 20.000000 20.000000 20.000000 20.000000 20.000000 20.000000 20.000000 20.000000 20.000000 20.000000 0.000000 
