100.000000 100.000000 100.000000 100.000000 100.000000 100.000000 100.000000 100.000000 100.000000 100.000000 100.000000 100.000000 100.000000 100.000000 100.000000 100.000000 100.000000 100.000000 100.000000 100.000000 100.000000 50.000000 
75.000000 87.148148 91.742508 93.726900 94.669021 95.133519 95.351790 95.429997 95.420730 95.350312 95.229987 95.060442 94.832898 94.527614 94.109165 93.515902 92.636622 91.255361 88.907601 84.463887 74.789903 50.000000 
75.000000 81.858151 86.108742 88.515092 89.839407 90.541098 90.874866 90.981306 90.938263 90.787160 90.545966 90.214979 89.778169 89.200825 88.422701 87.343906 85.797341 83.494957 79.924220 74.166245 64.698990 50.000000 
75.000000 79.189470 82.342173 84.416760 85.671467 86.362220 86.676305 86.737295 86.621900 86.373639 86.011420 85.533834 84.920006 84.127193 83.084547 81.681624 79.749323 77.031201 73.148753 67.590653 59.844562 50.000000 
75.000000 77.576560 79.685147 81.181191 82.120610 82.621987 82.800092 82.744506 82.517034 82.154679 81.672979 81.068004 80.316520 79.374092 78.170917 76.605222 74.534800 71.769753 68.076593 63.219998 57.094704 50.000000 
75.000000 76.455332 77.679670 78.555344 79.073500 79.281600 79.243079 79.015952 78.644044 78.154443 77.557318 76.846102 75.997188 74.968763 73.698844 72.103015 70.073465 67.483015 64.201728 60.138692 55.321530 50.000000 
75.000000 75.592875 76.068392 76.348908 76.412965 76.276962 75.974151 75.539580 75.001508 74.377237 73.671366 72.875063 71.965612 70.905959 69.644404 68.115112 66.240926 63.941089 61.147777 57.835321 54.060992 50.000000 
75.000000 74.878902 74.703014 74.428037 74.037866 73.538532 72.947891 72.286418 71.570824 70.810311 70.004631 69.143195 68.204759 67.157519 65.959775 64.561750 62.909535 60.952620 58.656442 56.020186 53.096166 50.000000 
75.000000 74.253430 73.491725 72.696966 71.864057 70.998626 70.112066 69.216435 68.320505 67.427240 66.532427 65.624102 64.682539 63.680701 62.585340 61.359080 59.964088 58.367926 56.551901 54.521089 52.313097 50.000000 
75.000000 73.678572 72.371278 71.082363 69.819437 68.592316 67.410743 66.282073 65.209517 64.191090 63.219177 62.280532 61.356619 60.424293 59.456923 58.426197 57.304857 56.070598 54.710990 53.228680 51.645081 50.000000 
75.000000 73.125996 71.291669 69.521978 67.837967 66.255552 64.784847 63.430030 62.189635 61.057095 60.021384 59.067702 58.178173 57.332621 56.509513 55.687178 54.845421 53.967540 53.042615 52.067621 51.048604 50.000000 
75.000000 72.570268 70.206728 67.956176 65.853885 63.922184 62.171380 60.601955 59.207075 57.974858 56.890187 55.936077 55.094681 54.348064 53.678836 53.070687 52.508835 51.980306 51.474007 50.980517 50.491652 50.000000 
75.000000 71.984170 69.066869 66.320652 63.796039 61.520477 59.501986 57.734617 56.203746 54.890284 53.773659 52.833760 52.052136 51.412667 50.901836 50.508576 50.223585 50.037955 49.941052 49.917928 49.947089 50.000000 
75.000000 71.333882 67.811502 64.538643 61.581705 58.969277 56.701345 54.760028 53.118551 51.747567 50.619097 49.708779 48.997016 48.469436 48.116797 47.934262 47.919736 48.070872 48.380495 48.830778 49.387838 50.000000 
75.000000 70.571984 66.358525 62.510819 59.109214 56.173907 53.685861 51.606082 49.889199 48.491587 47.375617 46.511586 45.878424 45.463778 45.263650 45.281378 45.525388 46.004839 46.722202 47.662572 48.781818 50.000000 
75.000000 69.624790 64.586977 60.100559 56.248800 53.022300 50.363491 48.198501 46.455118 45.071132 43.997331 43.198021 42.650685 42.345525 42.285021 42.483190 42.963634 43.754750 44.879694 46.338690 48.084295 50.000000 
75.000000 68.366010 62.305549 57.111597 52.831972 49.382922 46.636286 44.465189 42.762127 41.443261 40.447271 39.732863 39.276640 39.071938 39.128650 39.473651 40.150764 41.217947 42.737034 44.748420 47.223066 50.000000 
75.000000 66.555571 59.192677 53.255503 48.642578 45.108438 42.408446 40.344519 38.769473 37.578938 36.701986 36.093893 35.731629 35.611966 35.751948 36.191527 36.997783 38.268725 40.130441 42.711749 46.064783 50.000000 
75.000000 63.681130 54.682071 48.112742 43.420543 40.053296 37.604032 35.799006 34.459376 33.469573 32.756305 32.275953 32.007826 31.951753 32.129425 32.589798 33.419587 34.759884 36.826587 39.916559 44.328303 50.000000 
75.000000 58.499790 47.762178 41.120212 36.907077 34.118971 32.198490 30.834458 29.847971 29.133220 28.627165 28.294054 28.117998 28.100614 28.262925 28.652511 29.359230 30.546964 32.515402 35.808935 41.334545 50.000000 
75.000000 47.563957 36.759263 31.715617 28.989025 27.340611 26.262637 25.520424 24.994142 24.618056 24.354863 24.184120 24.097130 24.095434 24.192306 24.418284 24.834705 25.566537 26.888462 29.474585 35.202283 50.000000 
20.000000 20.000000 20.000000 20.000000 20.000000 20.000000 20.000000 20.000000 20.000000 20.000000 20.000000 20.000000 20.000000 20.000000 20.000000 20.000000 20.000000 20.000000 20.000000 20.000000 20.000000 0.000000 
