100.000000 100.000000 100.000000 100.000000 100.000000 100.000000 100.000000 100.000000 100.000000 100.000000 100.000000 100.000000 100.000000 100.000000 100.000000 100.000000 100.000000 100.000000 100.000000 100.000000 100.000000 50.000000 
75.000000 87.166405 91.778211 93.778871 94.735747 95.213195 95.442365 95.529220 95.526210 95.459569 95.340512 95.169752 94.938590 94.627418 94.200991 93.597883 92.707153 91.313125 88.951597 84.493441 74.804679 50.000000 
75.000000 81.893846 86.178546 88.616702 89.969867 90.696879 91.051954 91.175303 91.144492 91.000774 90.762059 90.428696 89.984812 89.395956 88.602234 87.504192 85.935240 83.607896 80.010239 74.224029 64.727880 50.000000 
75.000000 79.241409 82.443745 84.564615 85.861302 86.588899 86.933989 87.019586 86.921990 86.684477 86.325865 85.844820 85.220700 84.411135 83.345794 81.914863 79.949986 77.195544 73.273924 67.674737 59.886603 50.000000 
75.000000 77.643213 79.815495 81.370933 82.364227 82.912888 83.130784 83.106776 82.902149 82.553587 82.076517 81.467105 80.702412 79.738488 78.506187 76.904551 74.792322 71.980664 68.237234 63.327909 57.148658 50.000000 
75.000000 76.534874 77.835224 78.781780 79.364231 79.628761 79.637727 79.448289 79.103644 78.630506 78.038908 77.322400 76.457724 75.403646 74.098968 72.460247 70.380806 67.734728 64.393446 60.267481 55.385923 50.000000 
75.000000 75.683234 76.245103 76.606143 76.743242 76.671348 76.422486 76.030733 75.523637 74.918070 74.218482 73.416168 72.488813 71.400019 70.098977 68.520959 66.590093 64.227061 61.365589 57.981639 54.134150 50.000000 
75.000000 74.977815 74.896454 74.709627 74.399417 73.970265 73.438687 72.824089 72.142408 71.402375 70.603575 69.735562 68.777529 67.698389 66.457421 65.006055 63.291791 61.265694 58.894899 56.180373 53.176259 50.000000 
75.000000 74.358496 73.697202 72.996078 72.248109 71.457231 70.633415 69.787581 68.927679 68.056173 67.168672 66.253365 65.290987 64.255266 63.113991 61.831069 60.370165 58.700512 56.805221 54.691262 52.398183 50.000000 
75.000000 73.787311 72.583940 71.391939 70.216927 69.066972 67.950341 66.873216 65.837954 64.842051 63.877712 62.931843 61.986391 61.018997 60.004108 58.914736 57.725176 56.414850 54.973197 53.404826 51.733155 50.000000 
75.000000 73.235907 71.506624 69.834894 68.239750 66.735339 65.330282 64.027571 62.824879 61.715111 60.687059 59.726079 58.814781 57.933785 57.062644 56.181030 55.270313 54.315541 53.307680 52.245687 51.137639 50.000000 
75.000000 72.678883 70.419151 68.265408 66.250942 64.396330 62.710406 61.192479 59.834863 58.625155 57.548057 56.586739 55.723833 54.942190 54.225495 53.558764 52.928761 52.324242 51.735978 51.156506 50.579649 50.000000 
75.000000 72.089110 69.272105 66.619426 64.179669 61.978593 60.022793 58.305185 56.810322 55.518612 54.409308 53.462448 52.660043 51.986735 51.430043 50.980180 50.629341 50.370287 50.194186 50.087982 50.032119 50.000000 
75.000000 71.432905 68.005168 64.820576 61.943715 59.401577 57.192807 55.298450 53.690956 52.340501 51.218943 50.302059 49.570689 49.011178 48.615263 48.379315 48.302650 48.384498 48.619382 48.991261 49.468083 50.000000 
75.000000 70.663034 66.536599 62.770055 59.442082 56.571409 54.137765 52.101169 50.415535 49.036803 47.927192 47.057126 46.405936 45.961930 45.722010 45.690625 45.877498 46.293236 46.941873 47.810147 48.855609 50.000000 
75.000000 69.706034 64.745873 60.331878 56.545824 53.377000 50.766736 48.640282 46.924786 45.557649 44.489524 43.684829 43.121409 42.790052 42.694041 42.848385 43.277843 44.012104 45.075722 46.470383 48.150145 50.000000 
75.000000 68.435875 62.442191 57.310519 53.087397 49.687948 46.983059 44.845102 43.166023 41.861648 40.870539 40.151502 39.681448 39.454218 39.480397 39.787710 40.420978 41.439267 42.905615 44.861674 47.279696 50.000000 
75.000000 66.612770 59.304548 53.418364 48.851700 45.358170 42.692358 40.655563 39.100153 37.921483 37.048529 36.436646 36.063058 35.924951 36.039935 36.448658 37.219017 38.449929 40.268465 42.804476 46.111149 50.000000 
75.000000 63.724685 54.767256 48.236755 43.579782 40.243458 37.820222 36.035857 34.711180 33.730411 33.020187 32.536949 32.260200 32.190083 32.348719 32.785596 33.588051 34.897867 36.931689 39.987167 44.363609 50.000000 
75.000000 58.529045 47.819395 41.203508 37.014034 34.246698 32.343698 30.993544 30.017100 29.308417 28.804406 28.469357 28.287509 28.260692 28.410217 28.784022 29.472382 30.639642 32.585996 35.856360 41.358260 50.000000 
75.000000 47.578583 36.787871 31.757263 29.042501 27.404471 26.335239 25.599963 25.078702 24.705650 24.443479 24.271767 24.181881 24.175469 24.265947 24.484036 24.891277 25.612873 26.923757 29.498297 35.214139 50.000000 
20.000000 20.000000 20.000000 20.000000 20.000000 20.000000 20.000000 20.000000 20.000000 20.000000 20.000000 20.000000 20.000000 20.000000 20.000000 20.000000 20.000000 20.000000 20.000000 20.000000 20.000000 0.000000 
