100.000000 100.000000 100.000000 100.000000 100.000000 100.000000 100.000000 100.000000 100.000000 100.000000 100.000000 100.000000 100.000000 100.000000 100.000000 100.000000 100.000000 100.000000 100.000000 100.000000 100.000000 50.000000 
75.000000 87.180975 91.806704 93.820346 94.788997 95.276779 95.514642 95.608395 95.610374 95.546742 95.428692 95.256958 95.022905 94.707033 94.274239 93.663277 92.763412 91.359200 88.986689 84.517015 74.816466 50.000000 
75.000000 81.922335 86.234258 88.697798 90.073986 90.821201 91.193275 91.330112 91.309054 91.171221 90.934475 90.599207 90.149671 89.551624 88.745454 87.632054 86.045241 83.697984 80.078854 74.270121 64.750926 50.000000 
75.000000 79.282867 82.524820 84.682629 86.012820 86.769820 87.139648 87.244872 87.161471 86.932521 86.576775 86.092959 85.460614 84.637674 83.554217 82.100937 80.110067 77.326648 73.373777 67.741814 59.920141 50.000000 
75.000000 77.696422 79.919550 81.522399 82.558695 83.145093 83.394739 83.395924 83.209515 82.871944 82.398553 81.785585 81.010337 80.029247 78.773695 77.143374 74.997784 72.148935 68.365395 63.414002 57.191703 50.000000 
75.000000 76.598380 77.959418 78.962561 79.596338 79.905910 79.952774 79.793405 79.470507 79.010489 78.423283 77.702530 76.825256 75.750691 74.418261 72.745304 70.626044 67.935576 64.546421 60.370242 55.437303 50.000000 
75.000000 75.755388 76.386210 76.811545 77.006961 76.986245 76.780444 76.422858 75.940470 75.349813 74.655216 73.848081 72.906414 71.794342 70.461770 68.844851 66.868743 64.455273 61.539406 58.098403 54.192531 50.000000 
75.000000 75.056814 75.050947 74.934514 74.688155 74.315038 73.830608 73.253421 72.598795 71.875088 71.081755 70.208465 69.234764 68.130138 66.854649 65.360691 63.596893 61.515571 59.085217 56.308223 53.240183 50.000000 
75.000000 74.442424 73.861335 73.235002 72.554870 71.823527 71.049804 70.243718 69.412564 68.558404 67.676714 66.755802 65.776779 64.713983 63.536032 62.207861 60.694328 58.966001 57.007432 54.827101 52.466103 50.000000 
75.000000 73.874189 72.753844 71.639265 70.534479 69.446154 68.381381 67.345406 66.339904 65.361961 64.403639 63.451971 62.489289 61.493869 60.441014 59.304801 58.060760 56.689695 55.182535 53.545453 51.803469 50.000000 
75.000000 73.323737 71.678392 70.084934 68.560788 67.118686 65.766060 64.504953 63.332351 62.240742 61.218777 60.251936 59.323221 58.413892 57.504368 56.575398 55.609601 54.593420 53.519330 52.387869 51.208730 50.000000 
75.000000 72.765694 70.588925 68.512548 66.568258 64.775235 63.141136 61.664333 60.336461 59.144705 58.073626 57.106517 56.226397 55.416750 54.662118 53.948580 53.264134 52.598916 51.945188 51.297048 50.649921 50.000000 
75.000000 72.172997 69.436164 66.858247 64.486306 62.344749 60.439031 58.761166 57.295049 56.020689 54.917202 53.964748 53.145711 52.445342 51.851990 51.356895 50.953444 50.635732 50.396368 50.223804 50.100032 50.000000 
75.000000 71.512075 68.160004 65.045972 62.233115 59.747152 57.585651 55.728805 54.148443 52.814366 51.698300 50.776137 50.029071 49.444021 49.013507 48.734869 48.608549 48.635035 48.810209 49.119456 49.532183 50.000000 
75.000000 70.735840 66.678988 62.977334 59.708222 56.889210 54.499038 52.496940 50.836259 49.472590 48.368031 47.493112 46.827488 46.359997 46.088259 46.017614 46.158823 46.523647 47.117372 47.928045 48.914560 50.000000 
75.000000 69.771007 64.872944 60.516859 56.783335 53.660615 51.089149 48.993482 47.300256 45.946563 44.882947 44.073923 43.497622 43.145306 43.020900 43.140208 43.528913 44.217737 45.232348 46.575603 48.202757 50.000000 
75.000000 68.491754 62.551476 57.469610 53.291666 49.931869 47.260348 45.148870 43.488945 42.196132 41.208903 40.486143 40.005011 39.759756 39.761514 40.038695 40.636913 41.616124 43.040323 44.952170 47.324946 50.000000 
75.000000 66.658522 59.394029 53.548624 49.018953 45.557889 42.919399 40.904286 39.364559 38.195356 37.325578 36.710647 36.327990 36.175125 36.270113 36.654164 37.395825 38.594739 40.378765 42.878574 46.148200 50.000000 
75.000000 63.759526 54.835397 48.335950 43.707147 40.395547 37.993117 36.225263 34.912529 33.938969 33.231165 32.745606 32.461949 32.380593 32.524003 32.942092 33.722693 35.008142 37.015684 40.043595 44.391824 50.000000 
75.000000 58.552447 47.865164 41.270137 37.099584 34.348855 32.459831 31.120767 30.152345 29.448504 28.946118 28.609510 28.423023 28.388656 28.527954 28.889139 29.562820 30.713713 32.642415 35.894262 41.377212 50.000000 
75.000000 47.590284 36.810755 31.790577 29.085275 27.455548 26.393303 25.663573 25.146322 24.775691 24.514332 24.341841 24.249635 24.239448 24.324813 24.536592 24.936494 25.649907 26.951965 29.517247 35.223615 50.000000 
20.000000 20.000000 20.000000 20.000000 20.000000 20.000000 20.000000 20.000000 20.000000 20.000000 20.000000 20.000000 20.000000 20.000000 20.000000 20.000000 20.000000 20.000000 20.000000 20.000000 20.000000 0.000000 
