100.000000 100.000000 100.000000 100.000000 100.000000 100.000000 100.000000 100.000000 100.000000 100.000000 100.000000 100.000000 100.000000 100.000000 100.000000 100.000000 100.000000 100.000000 100.000000 100.000000 100.000000 50.000000 
75.000000 87.192606 91.829450 93.853455 94.831505 95.327533 95.572335 95.671592 95.677550 95.616318 95.499069 95.326555 95.090194 94.770568 94.332692 93.715460 92.808305 91.395966 89.014692 84.535825 74.825871 50.000000 
75.000000 81.945078 86.278734 88.762537 90.157103 90.920445 91.306086 91.453685 91.440408 91.307267 91.072087 90.735294 90.281244 89.675858 88.859750 87.734091 86.133023 83.769875 80.133608 74.306902 64.769316 50.000000 
75.000000 79.315966 82.589547 84.776847 86.133784 86.914254 87.303826 87.424714 87.352636 87.130515 86.777049 86.291014 85.652098 84.818477 83.720557 82.249437 80.237820 77.431275 73.453465 67.795344 59.946905 50.000000 
75.000000 77.738906 80.002631 81.643334 82.713960 83.330483 83.605473 83.626763 83.454889 83.126084 82.655620 82.039804 81.256122 80.261322 78.987206 77.333986 75.161767 72.283233 68.467681 63.482713 57.226059 50.000000 
75.000000 76.649091 78.058589 79.106916 79.781673 80.127205 80.204321 80.068952 79.763405 79.313850 78.730139 78.005987 77.118646 76.027716 74.673128 72.972836 70.821789 68.095887 64.668520 60.452263 55.478313 50.000000 
75.000000 75.813012 76.498899 76.975578 77.217560 77.237706 77.066283 76.735969 76.273299 75.694533 75.003907 74.192911 73.239805 72.109138 70.751387 69.103408 67.091179 64.637444 61.678155 58.191608 54.239134 50.000000 
75.000000 75.119910 75.174339 75.114129 74.918761 74.590389 74.143604 73.596280 72.963247 72.252562 71.463579 70.586061 69.599835 68.474849 67.171788 65.643819 63.840468 61.715055 59.237153 56.410287 53.291215 50.000000 
75.000000 74.509467 73.992445 73.425851 72.799901 72.116103 71.382380 70.608028 69.799818 68.959496 68.082429 67.157027 66.164696 65.080267 63.873019 62.508709 60.953149 59.177973 57.168879 54.935555 52.520330 50.000000 
75.000000 73.943597 72.889582 71.836851 70.788160 69.749060 68.725701 67.722581 66.740835 65.777221 64.823686 63.867370 62.890912 61.873095 60.789910 59.616282 58.328730 56.909159 55.349690 53.657741 51.859613 50.000000 
75.000000 73.393915 71.815636 70.284714 68.817287 67.424958 66.114207 64.886323 63.737742 62.660622 61.643499 60.671959 59.729316 58.797342 57.857152 56.890351 55.880558 54.815332 53.688350 52.501411 51.265502 50.000000 
75.000000 72.835066 70.724593 68.710035 66.821814 65.077995 63.485292 62.041333 60.737208 59.559775 58.493485 57.521731 56.627844 55.795813 55.010865 54.259930 53.531993 52.818292 52.112276 51.409293 50.706044 50.000000 
75.000000 72.240042 69.567281 67.049110 64.731358 62.637355 60.771647 59.125525 57.682360 56.421845 55.322987 54.366045 53.533703 52.811701 52.189051 51.657813 51.212329 50.847758 50.557859 50.332289 50.154275 50.000000 
75.000000 71.575357 68.283763 65.226124 62.464418 60.023342 57.899606 56.072723 54.514027 53.193019 52.081323 51.154926 50.395302 49.789833 49.331665 49.018912 48.852916 48.835172 48.962646 49.221859 49.583385 50.000000 
75.000000 70.794041 66.792811 63.143023 59.920955 57.143228 54.787790 52.813250 51.172497 49.820848 48.720310 47.841497 47.164324 46.678054 46.380882 46.278861 46.383578 46.707722 47.257575 48.022231 48.961653 50.000000 
75.000000 69.822952 64.974531 60.664737 56.973200 53.887328 51.346863 49.275793 47.600353 46.257389 45.197362 44.384863 43.798255 43.429178 43.282073 43.373377 43.729513 44.382030 45.357483 46.659666 48.244789 50.000000 
75.000000 68.536431 62.638851 57.596800 53.454969 50.126865 47.482009 45.391687 43.747061 42.463476 41.479334 40.753585 40.263589 40.003918 39.986152 40.239247 40.809453 41.757435 43.147955 45.024475 47.361099 50.000000 
75.000000 66.695105 59.465574 53.652771 49.152671 45.717559 43.100903 41.103113 39.575913 38.414267 37.547018 36.929639 36.539723 36.375054 36.454056 36.818384 37.537108 38.710451 40.466898 42.937781 46.177804 50.000000 
75.000000 63.787386 54.889881 48.415263 43.808980 40.517143 38.131341 36.376679 35.073485 34.105680 33.399801 32.912378 32.623194 32.532849 32.664084 33.067154 33.830286 35.096262 37.082802 40.088684 44.414369 50.000000 
75.000000 58.571161 47.901762 41.323412 37.167986 34.430533 32.552677 31.222475 30.260461 29.560486 29.059393 28.721533 28.531333 28.490928 28.622048 28.973144 29.635091 30.772904 32.687499 35.924549 41.392355 50.000000 
75.000000 47.599641 36.829053 31.817214 29.119475 27.496386 26.439725 25.714425 25.200379 24.831681 24.570968 24.397851 24.303788 24.290583 24.371859 24.578593 24.972629 25.679501 26.974506 29.532390 35.231186 50.000000 
20.000000 20.000000 20.000000 20.000000 20.000000 20.000000 20.000000 20.000000 20.000000 20.000000 20.000000 20.000000 20.000000 20.000000 20.000000 20.000000 20.000000 20.000000 20.000000 20.000000 20.000000 0.000000 
