100.000000 100.000000 100.000000 100.000000 100.000000 100.000000 100.000000 100.000000 100.000000 100.000000 100.000000 100.000000 100.000000 100.000000 100.000000 100.000000 100.000000 100.000000 100.000000 100.000000 100.000000 50.000000 
75.000000 81.336079 81.187886 79.611588 78.074164 76.929460 76.176197 75.718206 75.455770 75.312460 75.237338 75.199386 75.181852 75.182699 75.227882 75.390758 75.776194 76.403894 76.938294 76.160834 70.621924 50.000000 
75.000000 71.408464 67.040513 62.901678 59.613533 57.285693 55.768982 54.842654 54.306178 54.009209 53.851159 53.770085 53.732618 53.736578 53.837685 54.185892 55.002422 56.410882 58.115342 59.033471 57.090244 50.000000 
75.000000 65.422955 57.106622 50.385072 45.381374 41.924549 39.685614 38.313874 37.513065 37.064980 36.823524 36.698059 36.639772 36.646969 36.804199 37.335149 38.584108 40.833433 43.987679 47.328117 49.631876 50.000000 
75.000000 61.694305 50.456039 41.635080 35.182208 30.756044 27.889771 26.126024 25.088836 24.503100 24.184111 24.016489 23.937889 23.946771 24.151928 24.840226 26.466861 29.470084 33.953868 39.461036 45.086167 50.000000 
75.000000 59.404225 46.202684 35.865285 28.314540 23.130610 19.762354 17.678521 16.444511 15.741865 15.355673 15.150730 15.053523 15.061984 15.302930 16.111562 18.030023 21.620348 27.135363 34.269019 42.208825 50.000000 
75.000000 58.042419 43.601740 32.251860 23.934267 18.202137 14.460287 12.132343 10.744830 9.949028 9.508150 9.272177 9.158928 9.165253 9.429990 10.321886 12.444369 16.446453 22.679984 30.922554 40.383113 50.000000 
75.000000 57.262469 42.077822 30.091171 21.271129 15.167065 11.164055 8.660906 7.160535 6.294677 5.811767 5.551421 5.425115 5.428381 5.707343 6.652195 8.906182 13.174784 19.872122 28.823245 39.241458 50.000000 
75.000000 56.832264 41.219886 28.851988 19.719669 13.376585 9.200654 6.578326 4.999256 4.083393 3.569809 3.291280 3.154901 3.154940 3.441559 4.417747 6.751004 11.181443 18.161076 27.543036 38.543062 50.000000 
75.000000 56.603307 40.754356 28.167674 18.849850 12.360185 8.075069 5.375439 3.744031 2.794122 2.259179 1.967706 1.823932 1.821079 2.111358 3.104951 5.483373 10.007052 17.150491 26.783933 38.126225 50.000000 
75.000000 56.485442 40.510154 27.802542 18.378802 11.802867 7.451648 4.703965 3.039204 2.067083 1.517890 1.217590 1.068626 1.063445 1.355207 2.357928 4.760866 9.335930 16.570667 26.345826 37.883601 50.000000 
75.000000 56.426618 40.386034 27.613860 18.131812 11.506985 7.117260 4.340848 2.655651 1.669598 1.111264 0.805178 0.652720 0.645810 0.937997 1.945252 4.360942 8.963260 16.247138 26.099716 37.746136 50.000000 
75.000000 56.398450 40.325741 27.520931 18.008565 11.357566 6.946621 4.153921 2.456816 1.462430 0.898493 0.588775 0.434065 0.425953 0.718131 1.727518 4.149594 8.765885 16.075414 25.969123 37.673419 50.000000 
75.000000 56.388011 40.303876 27.487671 17.964536 11.303752 6.884287 4.084520 2.381851 1.383302 0.816397 0.504657 0.348634 0.339772 0.631823 1.642165 4.067330 8.690575 16.013131 25.925423 37.651252 50.000000 
75.000000 56.394986 40.321956 27.520154 18.011647 11.362915 6.951747 4.156790 2.456394 1.458585 0.891655 0.579598 0.423221 0.414094 0.706098 1.716880 4.143512 8.770132 16.093006 25.993646 37.691942 50.000000 
75.000000 56.425911 40.401511 27.664624 18.224093 11.634130 7.266941 4.501405 2.818977 1.831326 1.269752 0.960337 0.805177 0.796581 1.088858 2.099969 4.527336 9.144866 16.427325 26.243499 37.823682 50.000000 
75.000000 56.462063 40.539790 27.967973 18.709460 12.279226 8.032522 5.348498 3.716816 2.758720 2.213431 1.912572 1.761720 1.755219 2.048505 3.060175 5.473969 10.025885 17.153993 26.734251 38.054454 50.000000 
75.000000 56.363560 40.587962 28.365800 19.511148 13.434320 9.451673 6.945179 5.423955 4.530550 4.021322 3.739742 3.598832 3.597300 3.893011 4.892038 7.229185 11.567856 18.312556 27.408191 38.303186 50.000000 
75.000000 55.653871 40.039503 28.520092 20.472790 15.079315 11.593519 9.415366 8.096809 7.322053 6.879344 6.633713 6.511620 6.519663 6.810006 7.743539 9.858218 13.714564 19.706953 27.957071 38.282315 50.000000 
75.000000 53.017942 37.757252 27.714329 21.176808 16.966505 14.301327 12.651401 11.655059 11.068622 10.732076 10.544438 10.453148 10.471575 10.725095 11.486253 13.147761 16.136544 20.846690 27.687324 37.239006 50.000000 
75.000000 44.832847 31.765099 25.006214 21.093335 18.706216 17.229724 16.322721 15.774860 15.450888 15.263624 15.158676 15.109704 15.128859 15.288483 15.734318 16.672828 18.347398 21.067655 25.435341 33.168587 50.000000 
20.000000 20.000000 20.000000 20.000000 20.000000 20.000000 20.000000 20.000000 20.000000 20.000000 20.000000 20.000000 20.000000 20.000000 20.000000 20.000000 20.000000 20.000000 20.000000 20.000000 20.000000 0.000000 
