100.000000 100.000000 100.000000 100.000000 100.000000 100.000000 100.000000 100.000000 100.000000 100.000000 100.000000 100.000000 100.000000 100.000000 100.000000 100.000000 100.000000 100.000000 100.000000 100.000000 100.000000 50.000000 
75.000000 84.447701 86.620785 86.538324 85.798727 84.958946 84.215457 83.624823 83.186763 82.880654 82.683794 82.581147 82.569482 82.655365 82.844722 83.120792 83.405416 83.488791 82.876132 80.370770 72.743179 50.000000 
75.000000 76.763735 76.432494 74.913904 73.032058 71.236428 69.720083 68.533344 67.656486 67.043634 66.649441 66.444971 66.424696 66.602827 66.995311 67.584124 68.261351 68.748154 68.474124 66.394740 60.810928 50.000000 
75.000000 72.100411 68.856689 65.433426 62.181301 59.348800 57.042865 55.265310 53.959300 53.047850 52.461994 52.159535 52.133810 52.409210 53.019210 53.964963 55.157436 56.351661 57.088893 56.684951 54.384096 50.000000 
75.000000 68.930123 63.211988 57.959963 53.350953 49.501983 46.435693 44.096911 42.386310 41.194169 40.428284 40.034151 40.005012 40.377401 41.207691 42.529158 44.296618 46.334539 48.313214 49.789158 50.363125 50.000000 
75.000000 66.679585 59.028317 52.230934 46.424672 41.663057 37.910929 35.065722 32.989938 31.544068 30.614986 30.137399 30.105152 30.567340 31.604568 33.285672 35.613873 38.480449 41.649619 44.798262 47.624145 50.000000 
75.000000 65.073614 55.973257 47.957251 41.170760 35.644004 31.308772 28.029259 25.638313 23.972196 22.900475 22.348987 22.312500 22.851638 24.069241 26.066660 28.889465 32.480629 36.662374 41.162470 45.685172 50.000000 
75.000000 63.942144 53.789044 44.856187 37.309364 31.175039 26.368774 22.733939 20.082535 18.232746 17.040833 16.425776 16.383299 16.983663 18.348169 20.604726 23.831902 28.008967 32.991537 38.525546 44.297431 50.000000 
75.000000 63.161563 52.265552 42.668487 34.556949 27.961631 22.791672 18.878547 16.020678 14.023663 12.734162 12.066144 12.016177 12.662018 14.139208 16.595798 20.134358 24.758443 30.342475 36.637165 43.309237 50.000000 
75.000000 62.636672 51.231705 41.170031 32.655318 25.724711 20.285901 16.164134 13.149516 11.039373 9.673821 8.963377 8.905316 9.582923 11.142120 13.745380 17.511871 22.460900 28.477497 35.312529 42.617282 50.000000 
75.000000 62.294592 50.552731 40.178576 31.388514 24.225656 18.598198 14.328271 11.201064 9.008715 7.587138 6.844665 6.779208 7.477976 9.094052 11.799599 15.724594 20.898152 27.211360 34.414268 42.147858 50.000000 
75.000000 62.081346 50.127251 39.554927 30.589536 23.278351 17.530002 13.164665 9.964448 7.718311 6.259695 5.495798 5.425206 6.137784 7.791085 10.563022 14.589830 19.906332 26.407346 33.842868 41.848339 50.000000 
75.000000 61.957708 49.881268 39.197766 30.137819 22.749966 16.941403 12.529740 9.294486 7.022564 5.546234 4.772505 4.700730 5.422295 7.096724 9.904193 13.983595 19.372956 25.970480 33.528420 41.681349 50.000000 
75.000000 61.892317 49.756761 39.030787 29.947261 22.551072 16.743588 12.337164 9.107845 6.840981 5.368720 4.598780 4.531308 5.257887 6.937356 9.748879 13.831397 19.225584 25.835321 33.419845 41.618312 50.000000 
75.000000 61.849951 49.692332 38.980489 29.944372 22.615540 16.880689 12.541300 9.367638 7.143498 5.701986 4.952442 4.895599 5.621441 7.285084 10.061605 14.088711 19.411941 25.947175 33.469599 41.630680 50.000000 
75.000000 61.771782 49.592724 38.943445 30.037497 22.872497 17.303786 13.112337 10.059008 7.926075 6.549049 5.839938 5.799547 6.513876 8.130826 10.818606 14.714078 19.873533 26.237188 33.612712 41.677324 50.000000 
75.000000 61.540828 49.282220 38.743332 30.081336 23.216320 17.943365 14.009139 11.161320 9.181880 7.911270 7.265683 7.245300 7.929223 9.454193 11.978876 15.641041 20.517441 26.593095 33.738350 41.684728 50.000000 
75.000000 60.913416 48.431326 38.080128 29.845928 23.485303 18.690207 15.158741 12.625191 10.875966 9.761285 9.204079 9.203370 9.828104 11.199293 13.462588 16.757848 21.193492 26.828215 33.648596 41.509583 50.000000 
75.000000 59.356400 46.434504 36.480486 29.007261 23.464089 19.396239 16.451745 14.362576 12.931410 12.026769 11.582505 11.596480 12.124108 13.265138 15.146134 17.905218 21.687329 26.653954 32.992184 40.850585 50.000000 
75.000000 55.589017 42.209874 33.285364 27.192170 22.927938 19.904256 17.758769 16.254158 15.231311 14.589769 14.280128 14.299804 14.687501 15.515104 16.879644 18.902368 21.746976 25.674930 31.156603 38.999253 50.000000 
75.000000 46.113264 33.990421 27.805132 24.135051 21.742549 20.105291 18.964089 18.171042 17.634884 17.300608 17.141676 17.156269 17.364010 17.802436 18.525166 19.607513 21.173025 23.476670 27.155774 34.038757 50.000000 
20.000000 20.000000 20.000000 20.000000 20.000000 20.000000 20.000000 20.000000 20.000000 20.000000 20.000000 20.000000 20.000000 20.000000 20.000000 20.000000 20.000000 20.000000 20.000000 20.000000 20.000000 0.000000 
