100.000000 100.000000 100.000000 100.000000 100.000000 100.000000 100.000000 100.000000 100.000000 100.000000 100.000000 100.000000 100.000000 100.000000 100.000000 100.000000 100.000000 100.000000 100.000000 100.000000 100.000000 50.000000 
75.000000 85.484375 88.537763 89.144716 88.898724 88.375719 87.806326 87.287707 86.859641 86.536062 86.319602 86.207992 86.195190 86.268030 86.398107 86.527040 86.539120 86.203254 85.028223 81.847494 73.482407 50.000000 
75.000000 78.666237 79.956242 79.711686 78.745013 77.538442 76.346615 75.294344 74.436269 73.791164 73.361201 73.141251 73.120265 73.275418 73.558896 73.875955 74.049898 73.763081 72.451651 69.125964 62.179571 50.000000 
75.000000 74.655650 73.596474 71.893290 69.877079 67.837927 65.964948 64.361167 63.071979 62.110010 61.472531 61.150685 61.130397 61.385072 61.860505 62.452502 62.977493 63.136567 62.478381 60.391587 56.244675 50.000000 
75.000000 71.919134 68.763351 65.529672 62.366815 59.438212 56.863137 54.707557 52.995891 51.727840 50.892711 50.477545 50.467388 50.837404 51.537803 52.473886 53.484877 54.327736 54.678332 54.177062 52.570590 50.000000 
75.000000 69.906426 65.026813 60.409693 56.156136 52.368028 49.116328 46.433691 44.322209 42.766892 41.748203 41.249397 41.256414 41.749875 42.690632 44.002191 45.555165 47.161031 48.585328 49.593795 50.043091 50.000000 
75.000000 68.382909 62.127802 56.342755 51.130074 46.568623 42.702129 39.539459 37.064205 35.248210 34.063913 33.491588 33.519210 34.134542 35.311172 36.992204 39.077066 41.417911 43.832329 46.137260 48.201952 50.000000 
75.000000 67.225274 59.894504 53.163424 47.150012 41.928951 37.531090 33.950490 31.157392 29.113363 27.784458 27.148918 27.197277 27.924579 29.316556 31.333556 33.897466 36.887159 40.146919 43.509120 46.826435 50.000000 
75.000000 66.353947 58.198723 50.725561 44.070135 38.310854 33.473944 29.545152 26.485890 24.250371 22.800002 22.111807 22.178893 23.002778 24.579437 26.882855 29.851007 33.379179 37.323992 41.518418 45.793735 50.000000 
75.000000 65.709347 56.936382 48.898549 41.747283 35.567183 30.383857 26.178653 22.907317 20.518978 18.971763 18.241980 18.324949 19.227391 20.953248 23.486630 26.776611 30.728417 35.203978 40.032161 45.025795 50.000000 
75.000000 65.242874 56.018921 47.565467 40.046932 33.553930 28.112666 23.701782 20.273007 17.771684 16.153434 15.393949 15.490121 16.452468 18.290751 20.996403 24.526300 28.792204 33.658773 38.950731 44.467290 50.000000 
75.000000 64.912448 55.368114 46.620712 38.845139 32.136411 26.520457 21.972927 18.441629 15.868332 14.206209 13.430010 13.537356 14.541199 16.455388 19.276813 22.968499 27.447748 32.582175 38.194537 44.075261 50.000000 
75.000000 64.678565 54.910300 45.964930 38.025832 31.189449 25.478434 20.863069 17.285666 14.683473 13.006535 12.227928 12.345028 13.372034 15.325691 18.207526 21.986679 26.587092 31.881741 37.695024 43.812984 50.000000 
75.000000 64.498864 54.567718 45.495856 37.473123 30.592008 24.865842 20.254525 16.691411 14.107084 12.447114 11.681860 11.807452 12.838404 14.793792 17.680061 21.474090 26.109738 31.470095 37.386505 43.644879 50.000000 
75.000000 64.319470 54.244962 45.094095 37.058987 30.217554 24.562710 20.035370 16.554365 14.040429 12.432887 11.698254 11.830533 12.843944 14.759935 17.591210 21.325736 25.913110 31.254524 37.196670 43.530654 50.000000 
75.000000 64.060132 53.807589 44.602810 36.627324 29.922458 24.441234 20.092398 16.772810 14.389720 12.874595 12.189298 12.325155 13.295802 15.125531 17.835407 21.429375 25.881533 31.124041 37.033661 43.416610 50.000000 
75.000000 63.585731 53.046632 43.799844 35.976532 29.536105 24.359703 20.306268 17.242841 15.060604 13.682777 13.066725 13.201110 14.098909 15.787677 18.298895 21.657998 25.875058 30.932999 36.766033 43.219851 50.000000 
75.000000 62.643501 51.615717 42.361048 34.845439 28.858588 24.163911 20.552616 17.857868 15.956073 14.764656 14.238352 14.363975 15.153722 16.637936 18.858923 21.867321 25.720872 30.480514 36.188173 42.793977 50.000000 
75.000000 60.703864 48.915325 39.819543 32.914734 27.675552 23.701718 20.712259 18.514474 16.979219 16.025142 15.608590 15.716208 16.358899 17.567420 19.391295 21.903580 25.213884 29.488131 34.957143 41.842288 50.000000 
75.000000 56.502515 43.892924 35.554116 29.853143 25.804396 22.855498 20.691200 19.124159 18.040246 17.371572 17.082574 17.162099 17.618644 18.478509 19.788757 21.629280 24.142281 27.593698 32.483733 39.668011 50.000000 
75.000000 46.567555 34.828387 28.936780 25.465588 23.185179 21.590674 20.445818 19.627058 19.064936 18.720009 18.572018 18.614498 18.852104 19.300302 19.988900 20.973850 22.369032 24.432197 27.815488 34.370875 50.000000 
20.000000 20.000000 20.000000 20.000000 20.000000 20.000000 20.000000 20.000000 20.000000 20.000000 20.000000 20.000000 20.000000 20.000000 20.000000 20.000000 20.000000 20.000000 20.000000 20.000000 20.000000 0.000000 
