100.000000 100.000000 100.000000 100.000000 100.000000 100.000000 100.000000 100.000000 100.000000 100.000000 100.000000 100.000000 100.000000 100.000000 100.000000 100.000000 100.000000 100.000000 100.000000 100.000000 100.000000 50.000000 
75.000000 86.000099 89.514127 90.510874 90.576919 90.289652 89.887799 89.480704 89.121504 88.835831 88.634031 88.516123 88.472681 88.482563 88.507041 88.478033 88.273767 87.663043 86.161545 82.616207 73.866584 50.000000 
75.000000 79.637302 81.796387 82.288884 81.913763 81.155514 80.283595 79.445400 78.720437 78.149289 77.748491 77.517136 77.437815 77.472809 77.555089 77.571913 77.335409 76.527855 74.598380 70.582527 62.907905 50.000000 
75.000000 76.002133 76.150456 75.473149 74.281649 72.868547 71.443115 70.139548 69.037747 68.180680 67.585621 67.249590 67.149644 67.238427 67.434950 67.609902 67.564022 66.998080 65.478505 62.428673 57.264172 50.000000 
75.000000 73.552104 71.863609 69.878144 67.719462 65.553299 63.523176 61.733104 60.249858 59.110510 58.329063 57.899854 57.797024 57.970098 58.336118 58.769127 59.088525 59.050210 58.351126 56.673579 53.821436 50.000000 
75.000000 71.737819 68.506772 65.293192 62.168569 59.236639 56.595637 54.321600 52.465199 51.054449 50.098328 49.588588 49.498637 49.779471 50.353450 51.107531 51.888656 52.505954 52.747896 52.427042 51.464551 50.000000 
75.000000 70.333282 65.836592 61.548987 57.539505 53.888351 50.668714 47.936867 45.729749 44.066588 42.951335 42.373719 42.307905 42.708830 43.507213 44.605116 45.874756 47.164237 48.314700 49.192837 49.737185 50.000000 
75.000000 69.228639 63.706250 58.514688 53.735994 49.445785 45.705930 42.560809 40.037501 38.148183 36.892637 36.259246 36.223719 36.745754 37.764738 39.196284 40.931959 42.844705 44.802069 46.687522 48.425720 50.000000 
75.000000 68.359513 62.016037 56.083954 50.661394 45.827520 41.640655 38.138832 35.342639 33.259048 31.884633 31.206927 31.203387 31.838296 33.058688 34.791006 36.940401 39.394445 42.032204 44.737927 47.415905 50.000000 
75.000000 67.680524 60.688673 54.163883 48.219493 42.940955 38.386663 34.591357 31.571216 29.329220 27.859315 27.148331 27.175261 27.908311 29.300814 31.287529 33.783013 36.683373 39.871964 43.228320 46.638019 50.000000 
75.000000 67.154235 59.656838 52.667693 46.313583 40.686351 35.845302 31.822727 28.630959 26.269221 24.728789 23.995516 24.049435 24.861923 26.391467 28.579475 31.347592 34.597652 38.214775 42.073200 46.043599 50.000000 
75.000000 66.745573 58.855819 51.509215 44.844421 38.958263 33.909650 29.727243 26.418490 23.977967 22.393514 21.649313 21.725792 22.596862 24.225533 26.559238 29.526161 33.033581 36.968777 41.202469 45.594353 50.000000 
75.000000 66.417726 58.217401 50.597262 43.706680 37.644586 32.465957 28.192456 24.823880 22.348078 20.747957 20.004988 20.099297 21.006955 22.695495 25.118851 28.212836 31.891988 36.048318 40.552219 45.255924 50.000000 
75.000000 66.127439 57.662524 49.828237 42.783334 36.623440 31.392894 27.100267 23.733004 21.268957 19.683995 18.955614 19.063013 19.984384 21.692436 24.149157 27.300663 31.072638 35.366612 40.057450 44.993232 50.000000 
75.000000 65.817760 57.090337 49.075469 41.937645 35.758385 30.559541 26.326863 23.028651 20.628516 19.092857 18.393961 18.509678 19.420639 21.105947 23.538137 26.677853 30.468151 34.827933 39.644285 44.765427 50.000000 
75.000000 65.404924 56.360036 48.173382 41.002685 34.893065 29.823614 25.742986 22.591744 20.314700 18.866658 18.213894 18.332873 19.207262 20.824067 23.169424 26.224020 29.957215 34.317809 39.219056 44.518156 50.000000 
75.000000 64.751550 55.258535 46.893993 39.769314 33.847545 29.032280 25.216469 22.304141 20.217999 18.900526 18.312245 18.428764 19.237479 20.734540 22.922406 25.807668 29.397383 33.689559 38.650154 44.168672 50.000000 
75.000000 63.605147 53.439967 44.913578 37.976255 32.420847 28.028982 24.619243 22.054379 20.235806 19.095988 18.591754 18.699111 19.409639 20.728704 22.675845 25.287334 28.619351 32.745782 37.734759 43.572140 50.000000 
75.000000 61.439541 50.311080 41.773564 35.313615 30.408296 26.670899 23.840747 21.746971 20.278750 19.365581 18.965056 19.055600 19.632796 20.709077 22.317493 24.521019 27.428755 31.216871 36.136200 42.435084 50.000000 
75.000000 56.996793 44.831077 36.868582 31.468756 27.647525 24.861305 22.807989 21.314319 20.277918 19.637754 19.358895 19.424736 19.833820 20.600686 21.761965 23.391368 25.631183 28.754425 33.274683 40.065448 50.000000 
75.000000 46.813491 35.295514 29.591999 26.272065 24.106759 22.595383 21.507946 20.727602 20.190456 19.860274 19.717022 19.751572 19.963813 20.363628 20.975948 21.853926 23.111678 25.010554 28.209316 34.568691 50.000000 
20.000000 20.000000 20.000000 20.000000 20.000000 20.000000 20.000000 20.000000 20.000000 20.000000 20.000000 20.000000 20.000000 20.000000 20.000000 20.000000 20.000000 20.000000 20.000000 20.000000 20.000000 0.000000 
