100.000000 100.000000 100.000000 100.000000 100.000000 100.000000 100.000000 100.000000 100.000000 100.000000 100.000000 100.000000 100.000000 100.000000 100.000000 100.000000 100.000000 100.000000 100.000000 100.000000 100.000000 50.000000 
75.000000 86.311164 90.111453 91.361729 91.643911 91.533921 91.271621 90.969177 90.683148 90.442175 90.258442 90.132273 90.053121 89.997816 89.925527 89.766920 89.400663 88.598232 86.880375 83.101194 74.108881 50.000000 
75.000000 80.231720 82.938593 83.917056 83.957054 83.540075 82.937512 82.301888 81.719002 81.234981 80.869735 80.622887 80.474919 80.384347 80.280269 80.047716 79.499781 78.323940 75.979005 71.514180 63.373493 50.000000 
75.000000 76.841901 77.765290 77.776678 77.174512 76.246870 75.205475 74.191496 73.293474 72.562006 72.018986 71.662108 71.465434 71.376328 71.308403 71.129280 70.641132 69.552097 67.442281 63.754321 57.926964 50.000000 
75.000000 74.592912 73.866551 72.737308 71.312467 69.751846 68.201722 66.774512 65.547508 64.567075 63.852806 63.399763 63.178280 63.131263 63.169008 63.161703 62.930481 62.240329 60.805116 58.331006 54.650597 50.000000 
75.000000 72.933026 70.808607 68.581240 66.303041 64.070597 61.985062 60.131963 58.573929 57.349544 56.474084 55.939981 55.716087 55.745594 55.942898 56.190330 56.336660 56.201341 55.592231 54.349316 52.426856 50.000000 
75.000000 71.637358 68.349973 65.141485 62.059279 59.175417 56.566087 54.297836 52.420614 50.965130 49.942097 49.341790 49.133128 49.262197 49.650674 50.195247 50.769860 51.233718 51.449060 51.312573 50.799100 50.000000 
75.000000 70.599688 66.350541 62.296452 58.496184 55.016498 51.922299 49.268765 47.096687 45.430297 44.276374 43.623636 43.441923 43.681198 44.270889 45.120547 46.123231 47.163363 48.130631 48.940154 49.555005 50.000000 
75.000000 69.760712 64.720111 59.953103 55.533577 51.531419 48.008012 45.012478 42.579485 40.728320 39.462577 38.769857 38.621219 38.970513 39.754109 40.891814 42.289981 43.847736 45.466759 47.063786 48.582654 50.000000 
75.000000 69.080503 63.391716 58.033078 53.093367 48.648630 44.760331 41.474373 38.821064 36.815664 35.458974 34.737588 34.623694 35.074606 36.032534 37.425218 39.168141 41.168824 43.333245 45.573559 47.815132 50.000000 
75.000000 68.526615 62.307540 56.463081 51.095746 46.288112 42.102542 38.582342 35.753723 33.627870 32.202582 31.463171 31.382613 31.921196 33.026133 34.631661 36.660156 39.024594 41.632336 44.389766 47.206799 50.000000 
75.000000 68.067962 61.410533 55.167896 49.455275 44.360596 39.945772 36.250106 33.294377 31.084551 29.614515 28.867633 28.817201 29.426145 30.646373 32.418263 34.670655 37.321604 40.279927 43.447468 46.721911 50.000000 
75.000000 67.670534 60.637932 54.064207 48.076614 42.765734 38.189424 34.379395 31.347946 29.093507 27.604452 26.861198 26.836873 27.496968 28.798420 30.688488 33.103695 35.968913 39.196692 42.687034 46.328256 50.000000 
75.000000 67.292822 59.914155 53.053513 46.849262 41.389359 36.720820 32.861446 29.810101 27.554210 26.074445 25.347084 25.344665 26.035501 27.382518 29.341653 31.859884 34.872702 38.300897 42.046958 45.992542 50.000000 
75.000000 66.878942 59.140540 52.012402 45.640681 40.100007 35.414610 31.578456 28.569961 26.361137 24.922476 24.224960 24.240315 24.940255 26.295170 28.272360 30.833536 33.930926 37.501119 41.456398 45.675502 50.000000 
75.000000 66.346000 58.178091 50.777988 44.287388 38.745359 34.132992 30.405976 27.513518 25.407547 24.046227 23.394532 23.423507 24.109076 25.430798 27.370502 29.910151 33.027491 36.687145 40.824718 45.324369 50.000000 
75.000000 65.557777 56.816043 49.125652 42.584470 37.150374 32.728513 29.217584 26.528677 24.590265 23.347470 22.759602 22.797680 23.442677 24.684679 26.522810 28.965082 32.025975 35.717168 40.023749 44.858181 50.000000 
75.000000 64.263578 54.712026 46.736658 40.276851 35.121208 31.052447 27.893559 25.512735 23.815810 22.737202 22.232683 22.274597 22.849494 23.958092 25.617534 27.865546 30.764576 34.399761 38.854823 44.134233 50.000000 
75.000000 61.939839 51.277788 43.159496 37.063393 32.463261 28.973043 26.335157 24.382594 23.007647 22.141146 21.739840 21.779458 22.251949 23.166469 24.554519 26.480412 29.058167 32.472562 36.986238 42.861563 50.000000 
75.000000 57.331995 45.478960 37.797857 32.642684 29.027105 26.407828 24.484627 23.086626 22.113367 21.504602 21.224819 21.255671 21.593411 22.250560 23.262902 24.705202 26.723148 29.595558 33.843899 40.350978 50.000000 
75.000000 46.980552 35.618547 30.055604 26.858137 24.796021 23.368617 22.346767 21.614703 21.109396 20.794952 20.651041 20.667705 20.843763 21.188190 21.725589 22.509717 23.656437 25.430004 28.493088 34.711017 50.000000 
20.000000 20.000000 20.000000 20.000000 20.000000 20.000000 20.000000 20.000000 20.000000 20.000000 20.000000 20.000000 20.000000 20.000000 20.000000 20.000000 20.000000 20.000000 20.000000 20.000000 20.000000 0.000000 
