100.000000 100.000000 100.000000 100.000000 100.000000 100.000000 100.000000 100.000000 100.000000 100.000000 100.000000 100.000000 100.000000 100.000000 100.000000 100.000000 100.000000 100.000000 100.000000 100.000000 100.000000 50.000000 
75.000000 86.522527 90.520969 91.951547 92.392838 92.418701 92.268028 92.052793 91.829781 91.627965 91.459734 91.325423 91.214364 91.103335 90.951790 90.691306 90.202312 89.259012 87.385840 83.441382 74.278845 50.000000 
75.000000 80.639400 83.728828 85.055769 85.403672 85.249961 84.864035 84.397910 83.937699 83.530055 83.195224 82.932821 82.723115 82.524572 82.266916 81.837007 81.051398 79.602869 76.957353 72.172688 63.702547 50.000000 
75.000000 77.424705 78.895549 79.406209 79.245753 78.696317 77.966614 77.196912 76.476029 75.855180 75.356636 74.978033 74.693126 74.449246 74.160963 73.698584 72.869285 71.388830 68.847522 64.700340 58.399801 50.000000 
75.000000 75.325245 75.287579 74.787173 73.919398 72.836434 71.680582 70.562925 69.560911 68.721512 68.064670 67.585291 67.253293 67.011551 66.771596 66.407039 65.745348 64.561132 62.581094 59.526919 55.248521 50.000000 
75.000000 73.786716 72.466073 70.973521 69.347121 67.674364 66.051556 64.562452 63.269650 62.212254 61.405796 60.842415 60.490411 60.292908 60.165749 59.995275 59.637670 58.923638 57.676025 55.752943 53.128877 50.000000 
75.000000 72.583341 70.187696 67.795433 65.438176 63.177700 61.084598 59.223228 57.643289 56.375864 55.431774 54.800830 54.451241 54.328956 54.357227 54.437183 54.451003 54.270381 53.774209 52.879305 51.582987 50.000000 
75.000000 71.609386 68.313151 65.132308 62.108606 59.297621 56.758067 54.542562 52.691404 51.229015 50.162098 49.478718 49.147831 49.119172 49.323799 49.675988 50.077593 50.426397 50.629906 50.624789 50.398193 50.000000 
75.000000 70.807024 66.754967 62.894867 59.282803 55.976880 53.031856 50.493983 48.397197 46.760766 45.588007 44.865673 44.563774 44.635828 45.019839 45.640488 46.413252 47.251136 48.074334 48.821987 49.462966 50.000000 
75.000000 70.138390 65.450063 61.010198 56.889422 53.151700 49.851612 47.031945 44.722054 42.936961 41.676989 40.927708 40.660111 40.831087 41.384449 42.252855 43.361032 44.630573 45.986232 47.362886 48.711302 50.000000 
75.000000 69.573333 64.344986 59.411187 54.856381 50.751049 47.150571 44.094974 41.609315 39.704335 38.377170 37.611958 37.380375 37.642220 38.346264 39.431620 40.829843 42.467884 44.271740 46.170344 48.098813 50.000000 
75.000000 69.083033 63.387040 58.028835 53.106059 48.694803 44.850053 41.607751 38.987353 36.994194 35.621341 34.850880 34.654757 34.995379 35.826172 37.092273 38.731481 40.675463 42.851167 45.182357 47.591204 50.000000 
75.000000 68.635583 62.517530 56.785672 51.550523 46.891330 42.859232 39.482568 36.772188 34.725737 33.330649 32.566013 32.403612 32.808438 33.738904 35.146862 36.977421 39.168465 41.649839 44.342418 47.157822 50.000000 
75.000000 68.191378 61.664594 55.588580 50.086127 45.234575 41.074564 37.620594 34.869997 32.809295 31.418147 30.671510 30.540640 30.993413 31.994194 33.503286 35.475753 37.859275 40.590792 43.592248 46.766997 50.000000 
75.000000 67.696300 60.733037 54.319197 48.586791 43.600747 39.379384 35.913510 33.179977 31.149824 29.792504 29.077739 28.976088 29.458921 30.498032 32.064795 34.128379 36.652173 39.587497 42.864337 46.381138 50.000000 
75.000000 67.069188 59.587275 52.819610 46.895412 41.845125 37.644506 34.246304 31.598192 29.651096 28.362170 27.695235 27.620328 28.113138 29.154574 30.730187 32.828638 35.437622 38.534828 42.071515 45.949236 50.000000 
75.000000 66.175636 58.020108 50.870395 44.813734 39.800594 35.731471 32.502421 30.023081 28.220953 27.040221 26.439187 26.388050 26.867663 27.869372 29.395595 31.460167 34.086131 37.296353 41.089276 45.392180 50.000000 
75.000000 64.766932 55.693053 48.158461 42.093897 37.281892 33.501286 30.572800 28.363325 26.777807 25.749844 25.234380 25.203131 25.642630 26.554723 27.959339 29.899034 32.443286 35.686362 39.722845 44.569228 50.000000 
75.000000 62.321709 52.022139 44.238495 38.442671 34.103804 30.832820 28.370322 26.548219 25.258056 24.429999 24.020168 24.003853 24.373063 25.137892 26.332040 28.023550 30.331818 33.448558 37.644633 43.191488 50.000000 
75.000000 57.587791 45.977643 38.520900 33.567190 30.127033 27.655061 25.849763 24.539474 23.623180 23.040166 22.754499 22.747569 23.015718 23.572158 24.454204 25.739166 27.576364 30.249266 34.284833 40.571920 50.000000 
75.000000 47.108206 35.867460 30.416598 27.319849 25.345502 23.991854 23.029066 22.340942 21.864153 21.562556 21.415613 21.413253 21.554366 21.848304 22.320462 23.025895 24.082289 25.756225 28.713104 34.821256 50.000000 
20.000000 20.000000 20.000000 20.000000 20.000000 20.000000 20.000000 20.000000 20.000000 20.000000 20.000000 20.000000 20.000000 20.000000 20.000000 20.000000 20.000000 20.000000 20.000000 20.000000 20.000000 0.000000 
