100.000000 100.000000 100.000000 100.000000 100.000000 100.000000 100.000000 100.000000 100.000000 100.000000 100.000000 100.000000 100.000000 100.000000 100.000000 100.000000 100.000000 100.000000 100.000000 100.000000 100.000000 50.000000 
75.000000 86.677019 90.821791 92.387413 92.949906 93.081154 93.018611 92.873254 92.701225 92.531102 92.375088 92.233515 92.095937 91.939639 91.724955 91.384781 90.801356 89.751193 87.761479 83.693912 74.405029 50.000000 
75.000000 80.939074 84.312497 85.901696 86.485138 86.536378 86.321970 85.991944 85.631100 85.285292 84.974369 84.697936 84.436702 84.150141 83.769710 83.184861 82.215685 80.559451 77.687445 72.663531 63.947835 50.000000 
75.000000 77.856201 79.736224 80.625009 80.804415 80.550945 80.069134 79.496309 78.919320 78.388159 77.924486 77.525899 77.166788 76.795958 76.330503 75.644496 74.550238 72.769979 69.901736 65.409164 58.754067 50.000000 
75.000000 75.872018 76.353212 76.332655 75.896525 75.189782 74.349335 73.482430 72.663921 71.939144 71.327201 70.822917 70.397004 69.994214 69.529305 68.880691 67.882365 66.317177 63.921618 60.428379 55.699141 50.000000 
75.000000 74.429976 73.720216 72.793071 71.675716 70.447047 69.196908 68.004416 66.928996 66.007723 65.255060 64.662999 64.200751 63.813651 63.421353 62.915881 62.161123 60.997502 59.259401 56.817896 53.661326 50.000000 
75.000000 73.302971 71.591269 69.832553 68.046186 66.284218 64.609882 63.082210 61.747214 60.633590 59.750868 59.088632 58.616071 58.281601 58.012751 57.717026 57.285253 56.600029 55.553173 54.076030 52.181443 50.000000 
75.000000 72.384767 69.826030 67.328901 64.921831 62.649798 60.563453 58.709527 57.124204 55.829205 54.829738 54.113548 53.650606 53.393288 53.277264 53.223701 53.143800 52.947115 52.555114 51.920143 51.046108 50.000000 
75.000000 71.617712 68.337311 65.193156 62.227337 59.486764 57.017628 54.859878 53.043002 51.583312 50.482455 49.726770 49.287280 49.120245 49.168495 49.363936 49.631840 49.897552 50.095893 50.182424 50.143574 50.000000 
75.000000 70.964646 67.063337 63.354214 59.893566 56.733843 53.920757 51.490530 49.467839 47.864565 46.679220 45.896874 45.489506 45.416781 45.627437 46.061514 46.653748 47.338344 48.054989 48.755329 49.408055 50.000000 
75.000000 70.396484 65.952691 61.747841 57.852031 54.324175 51.210695 48.544941 46.347172 44.624878 43.373288 42.575971 42.205545 42.224560 42.586703 43.238460 44.121395 45.175047 46.340322 47.562883 48.795734 50.000000 
75.000000 69.885719 64.955193 60.308638 56.029655 52.182967 48.814718 45.954212 43.616102 41.802439 40.504339 39.703271 39.372067 39.475812 39.972738 40.815205 41.950797 43.323490 44.874795 46.544810 48.273168 50.000000 
75.000000 69.401898 64.014971 58.963201 54.343663 50.224681 46.648856 43.638079 41.198501 39.324531 38.001661 37.208343 36.917182 37.095732 37.707015 38.709812 40.058607 41.703066 43.586955 45.646759 47.810777 50.000000 
75.000000 68.906966 63.063174 57.622772 52.695976 48.349871 44.617039 41.505861 39.009183 37.110420 35.787353 35.014303 34.763286 35.004583 35.706894 36.837024 38.358830 40.231019 42.403548 44.812945 47.378136 50.000000 
75.000000 68.348414 62.007759 56.173570 50.966385 46.441737 42.610535 39.457925 36.956589 35.074659 33.779828 33.041212 32.830064 33.119964 33.886690 35.107584 36.759859 38.816979 41.242141 43.978617 46.939040 50.000000 
75.000000 67.646757 60.716426 54.462463 49.003922 44.362890 40.508497 37.388412 34.946540 33.131178 31.897879 31.209915 31.037942 31.359636 32.159471 33.428321 35.162007 37.357168 40.002020 43.059587 46.443972 50.000000 
75.000000 66.669332 58.985390 52.275012 46.616741 41.953875 38.181196 35.190357 32.887721 31.198493 30.065464 29.446459 29.312218 29.645323 30.440203 31.703864 33.456290 35.728190 38.551432 41.934508 45.815407 50.000000 
75.000000 65.169243 56.479732 49.303319 43.563662 39.037420 35.498741 32.764710 30.699508 29.206173 28.217147 27.686987 27.587865 27.907749 28.651033 29.841418 31.526496 33.782007 36.709558 40.411909 44.914263 50.000000 
75.000000 62.627010 52.619173 45.107457 39.558374 35.436590 32.349440 30.034733 28.322286 27.102175 26.303677 25.882618 25.814652 26.092900 26.729418 27.760793 29.258914 31.347939 34.225152 38.167613 43.453361 50.000000 
75.000000 57.792394 46.377790 39.103359 34.315122 31.020589 28.671965 26.965845 25.729141 24.859838 24.296618 24.003356 23.961698 24.168747 24.639052 25.411882 26.567139 28.257340 30.769687 34.635288 40.747403 50.000000 
75.000000 47.210390 36.067320 30.707545 27.693492 25.791941 24.499964 23.586768 22.935434 22.482125 22.190397 22.039616 22.019848 22.130372 22.381217 22.798766 23.439374 24.422329 26.016075 28.888081 34.908871 50.000000 
20.000000 20.000000 20.000000 20.000000 20.000000 20.000000 20.000000 20.000000 20.000000 20.000000 20.000000 20.000000 20.000000 20.000000 20.000000 20.000000 20.000000 20.000000 20.000000 20.000000 20.000000 0.000000 
