100.000000 100.000000 100.000000 100.000000 100.000000 100.000000 100.000000 100.000000 100.000000 100.000000 100.000000 100.000000 100.000000 100.000000 100.000000 100.000000 100.000000 100.000000 100.000000 100.000000 100.000000 50.000000 
75.000000 86.794666 91.051431 92.721089 93.377647 93.591296 93.598115 93.508017 93.376364 93.231232 93.084584 92.936780 92.777681 92.585177 92.320520 91.917849 91.260963 90.128227 88.048932 83.887064 74.501557 50.000000 
75.000000 81.168021 84.759454 86.551236 87.317909 87.529717 87.450515 87.228237 86.946150 86.649110 86.356490 86.067949 85.764798 85.407696 84.929900 84.223289 83.111002 81.293919 78.247417 73.039813 64.135892 50.000000 
75.000000 78.187243 80.382605 81.564529 82.009181 81.988244 81.702323 81.285675 80.822900 80.362524 79.925499 79.509493 79.089768 78.616851 78.010452 77.148168 75.846714 73.833572 70.712678 65.954124 59.026446 50.000000 
75.000000 76.293574 77.176494 77.529542 77.431622 77.021518 76.431089 75.763626 75.091070 74.456853 73.879152 73.352865 72.849810 72.316940 71.672352 70.798964 69.536400 67.674184 64.956350 61.123787 56.046752 50.000000 
75.000000 74.928633 74.694283 74.209479 73.492754 72.615655 71.661994 70.706151 69.804053 68.990475 68.278750 67.660933 67.107537 66.566499 65.961437 65.189710 64.121884 62.606283 60.486225 57.642487 54.073560 50.000000 
75.000000 73.864032 72.687486 71.426946 70.092012 68.726409 67.386522 66.125986 64.986816 63.995062 63.158940 62.468079 61.893118 61.385398 60.876914 60.281187 59.496569 58.414560 56.937041 55.006282 52.646558 50.000000 
75.000000 72.992786 71.014272 69.057540 67.140418 65.298805 63.575862 62.012400 60.640200 59.478056 58.529706 57.782910 57.209190 56.764090 56.388122 56.008984 55.546043 54.918517 54.058786 52.931050 51.551616 50.000000 
75.000000 72.256977 69.586901 67.011458 64.561525 62.274406 60.188348 58.337001 56.745153 55.425975 54.379515 53.592096 53.036350 52.671862 52.446555 52.299210 52.163700 51.975539 51.681039 51.248235 50.676607 50.000000 
75.000000 71.619593 68.343862 65.217938 62.286580 59.592339 57.172719 55.057416 53.266219 51.807727 50.678766 49.864351 49.338092 49.063052 48.993189 49.075597 49.253838 49.472545 49.683193 49.850219 49.955700 50.000000 
75.000000 71.052047 67.234681 63.614081 60.248763 57.187678 54.468968 52.119381 50.154215 48.577616 47.383077 46.554077 46.064848 45.881336 45.962455 46.261766 46.729672 47.316170 47.973972 48.661555 49.345336 50.000000 
75.000000 70.527610 66.210678 62.136636 58.377712 54.988827 52.007957 49.457876 47.348318 45.678005 44.436311 43.604584 43.157224 43.062635 43.284176 43.781138 44.509779 45.424321 46.477847 47.623012 48.812589 50.000000 
75.000000 70.016824 65.217912 60.714989 56.594206 52.914457 49.710463 46.997803 44.777863 43.041810 41.773432 40.951041 40.548732 40.537237 40.884498 41.555947 42.514388 43.719314 45.125584 46.681720 48.328615 50.000000 
75.000000 69.482803 64.189810 59.263681 54.804385 50.870138 47.486100 44.654692 42.364249 40.595110 39.323430 38.523380 38.168364 38.231643 38.686529 39.506071 40.661926 42.122014 43.846687 45.783745 47.863913 50.000000 
75.000000 68.874343 63.036872 57.672631 52.892780 48.744726 45.232559 42.335942 40.023398 38.260217 37.012582 36.249459 35.943366 36.070610 36.611194 37.548171 38.865892 40.546243 42.561917 44.866483 47.383348 50.000000 
75.000000 68.113364 61.629554 55.792719 50.713579 46.406988 42.836000 39.943384 37.669324 35.959570 34.768319 34.058701 33.802496 33.979807 34.578866 35.595628 37.032257 38.892869 41.174109 43.848134 46.838601 50.000000 
75.000000 67.068697 59.766995 53.413766 48.080413 43.704025 40.174162 37.378256 35.219462 33.620787 32.523848 31.886346 31.679987 31.889438 32.512357 33.560112 35.058122 37.043502 39.555334 42.609925 46.153435 50.000000 
75.000000 65.495002 57.117324 50.232324 44.757828 40.465420 37.124969 34.550101 32.602360 31.182980 30.223438 29.678189 29.520199 29.739146 30.342068 31.356234 32.833679 34.855371 37.528801 40.963099 45.190127 50.000000 
75.000000 62.874399 53.103404 45.813048 40.465415 36.521305 33.584793 31.391047 29.767872 28.603965 27.827864 27.395325 27.282605 27.484134 28.013986 28.911466 30.251842 32.163246 34.847430 38.586287 43.662906 50.000000 
75.000000 57.958280 46.702502 39.576533 34.923418 31.748072 29.500508 27.875538 26.698722 25.867114 25.318901 25.017911 24.946201 25.101759 25.500492 26.183498 27.232950 28.804031 31.186939 34.916017 40.887908 50.000000 
75.000000 47.293273 36.229563 30.943976 27.997450 26.155467 24.913999 24.041360 23.419952 22.985472 22.701228 22.546566 22.511756 22.596526 22.811588 23.184240 23.771976 24.695414 26.224496 29.028306 34.979054 50.000000 
20.000000 20.000000 20.000000 20.000000 20.000000 20.000000 20.000000 20.000000 20.000000 20.000000 20.000000 20.000000 20.000000 20.000000 20.000000 20.000000 20.000000 20.000000 20.000000 20.000000 20.000000 0.000000 
