100.000000 100.000000 100.000000 100.000000 100.000000 100.000000 100.000000 100.000000 100.000000 100.000000 100.000000 100.000000 100.000000 100.000000 100.000000 100.000000 100.000000 100.000000 100.000000 100.000000 100.000000 50.000000 
75.000000 86.886209 91.230317 92.981332 93.711661 93.990102 94.051567 94.005035 93.905175 93.779613 93.640109 93.487072 93.310663 93.089331 92.785135 92.333265 91.618791 90.421547 88.272450 84.037225 74.576609 50.000000 
75.000000 81.346498 85.108244 87.058692 87.969261 88.307471 88.334893 88.197631 87.977595 87.718756 87.440091 87.141351 86.804437 86.391099 85.836174 85.033592 83.808975 81.866067 78.683417 73.332729 64.282299 50.000000 
75.000000 78.445935 80.888205 82.300201 82.953548 83.115975 82.984758 82.691491 82.318791 81.913893 81.497167 81.066415 80.597753 80.043292 79.325037 78.323562 76.859187 74.663546 71.345171 66.379067 59.238856 50.000000 
75.000000 76.623956 77.822280 78.469296 78.638098 78.462399 78.069789 77.560138 77.002836 76.439652 75.888008 75.342966 74.777437 74.140396 73.352876 72.301601 70.830804 68.735314 65.765038 61.667137 56.318364 50.000000 
75.000000 75.320709 75.460760 75.325006 74.925065 74.326445 73.607871 72.839634 72.074611 71.345584 70.664975 70.025025 69.397539 68.732856 67.958078 66.975088 65.659923 63.867210 61.447235 58.288224 54.396378 50.000000 
75.000000 74.306705 73.552994 72.686771 71.709810 70.658992 69.584928 68.536606 67.552571 66.656598 65.855857 65.140172 64.481637 63.834302 63.134098 62.299656 61.235512 59.840283 58.023725 55.736519 53.011648 50.000000 
75.000000 73.474217 71.955693 70.428055 68.900596 67.401744 65.968348 64.636134 63.433076 62.375468 61.465887 60.692293 60.027780 59.430834 58.846252 58.207288 57.440042 56.471474 55.242536 53.726578 51.949384 50.000000 
75.000000 72.764937 70.580340 68.457903 66.419474 64.494446 62.714370 61.107499 59.694568 58.486084 57.480847 56.665371 56.013941 55.489241 55.043710 54.622002 54.165091 53.616671 52.932097 52.089065 51.097063 50.000000 
75.000000 72.141785 69.365277 66.705320 64.197369 61.875809 59.771231 57.907744 56.300939 54.956646 53.870386 53.027354 52.402846 51.963108 51.666742 51.466878 51.314383 51.162305 50.971419 50.716100 50.388722 50.000000 
75.000000 71.576397 68.260454 65.108003 62.168199 59.481765 57.079866 54.983607 53.204041 51.742502 50.591151 49.733632 49.145861 48.796974 48.650549 48.666208 48.801696 49.015461 49.269559 49.532454 49.780904 50.000000 
75.000000 71.042518 67.218103 63.604017 60.263274 57.242686 54.573351 52.272470 50.345578 48.788610 47.589610 46.730075 46.186049 45.929064 45.927059 46.145283 46.547202 47.095343 47.751969 48.479545 49.241006 50.000000 
75.000000 70.511379 66.185626 62.124685 58.405842 55.080178 52.175782 49.702852 47.658712 46.031834 44.804708 43.955776 43.460706 43.293232 43.425695 43.829249 44.473631 45.326309 46.350963 47.505541 48.740701 50.000000 
75.000000 69.946963 65.098140 60.587005 56.505187 52.903554 49.801016 47.194921 45.069769 43.403350 42.170585 41.345760 40.903747 40.820624 41.073835 41.641802 42.502688 43.631905 44.998085 46.557876 48.251169 50.000000 
75.000000 69.299082 63.868132 58.883779 54.449540 50.606082 47.351758 44.661568 42.500509 40.831520 39.619645 38.833949 38.448289 38.441552 38.797520 39.504170 40.551809 41.929179 43.616551 45.575593 47.738098 50.000000 
75.000000 68.490791 62.368272 56.869113 52.097233 48.061482 44.719801 42.010803 39.871521 38.245607 37.086237 36.356623 36.029736 36.087970 36.522923 37.334925 38.531435 40.122664 42.111992 44.478769 47.154108 50.000000 
75.000000 67.392143 60.400099 54.336325 49.266389 45.122228 41.789005 39.150580 37.107400 35.580663 34.511108 33.856503 33.589576 33.696958 34.179197 35.051410 36.343561 38.097987 40.359541 43.150695 46.423993 50.000000 
75.000000 65.759094 57.634274 50.985660 45.726308 41.623589 38.443774 35.997565 34.144286 32.783691 31.846537 31.287333 31.079880 31.215466 31.703487 32.574282 33.883595 35.716659 38.185676 41.404809 45.411130 50.000000 
75.000000 63.075102 53.496286 46.385604 41.201512 37.401601 34.587211 32.491279 30.939922 29.820707 29.061627 28.618476 28.468150 28.606305 29.048810 29.837306 31.049882 32.817911 35.346724 38.922038 43.830898 50.000000 
75.000000 58.092925 46.966080 39.960659 35.417273 32.338684 30.173062 28.613725 27.485095 26.683468 26.146667 25.838545 25.741590 25.854614 26.194734 26.804614 27.768321 29.243214 31.521891 35.141256 41.000607 50.000000 
75.000000 47.360563 36.361290 31.135951 28.244267 26.450642 25.250128 24.410289 23.812959 23.393456 23.114906 22.956668 22.909231 22.972735 23.158496 23.494599 24.039483 24.914855 26.391855 29.140846 35.035363 50.000000 
20.000000 20.000000 20.000000 20.000000 20.000000 20.000000 20.000000 20.000000 20.000000 20.000000 20.000000 20.000000 20.000000 20.000000 20.000000 20.000000 20.000000 20.000000 20.000000 20.000000 20.000000 0.000000 
