100.000000 100.000000 100.000000 100.000000 100.000000 100.000000 100.000000 100.000000 100.000000 100.000000 100.000000 100.000000 100.000000 100.000000 100.000000 100.000000 50.000000 
75.000000 87.027477 91.500492 93.362615 94.179690 94.512063 94.583327 94.486775 94.254386 93.879020 93.315275 92.461441 91.106922 88.789872 84.381628 74.747351 50.000000 
75.000000 81.612697 85.617368 87.777685 88.853054 89.295371 89.345334 89.120545 88.662761 87.956871 86.930157 85.431821 83.183103 79.675940 73.992440 64.609025 50.000000 
75.000000 78.811432 81.587586 83.289711 84.173926 84.487294 84.399472 84.005102 83.336758 82.372126 81.031709 79.165589 76.528271 72.746116 67.307979 59.698091 50.000000 
75.000000 77.052854 78.643840 79.635621 80.084824 80.101944 79.783142 79.187134 78.330146 77.185006 75.678761 73.687631 71.032084 67.482415 62.801494 56.877583 50.000000 
75.000000 75.765116 76.313754 76.543287 76.450802 76.078306 75.471516 74.658240 73.639284 72.385061 70.834308 68.894431 66.446445 63.361998 59.545346 55.013309 50.000000 
75.000000 74.703989 74.319031 73.794507 73.122578 72.317865 71.397169 70.366472 69.214561 67.910794 66.405357 64.632051 62.515585 59.987182 57.012734 53.633099 50.000000 
75.000000 73.742672 72.481249 71.216112 69.954634 68.704199 67.465619 66.229389 64.974541 63.669195 62.272314 60.736954 59.016104 57.072605 54.893917 52.509262 50.000000 
75.000000 72.796605 70.664968 68.657553 66.803738 65.110118 63.565186 62.145068 60.818513 59.550728 58.306317 57.051912 55.759052 54.407640 52.989793 51.512941 50.000000 
75.000000 71.789788 68.741974 65.968490 63.520241 61.398215 59.572784 58.000677 56.636562 55.439858 54.378301 53.429379 52.579906 51.823209 51.153175 50.555505 50.000000 
75.000000 70.631023 66.561222 62.976027 59.936584 57.418859 55.358049 53.679886 52.318169 51.223030 50.364017 49.730048 49.326190 49.165360 49.252161 49.558488 50.000000 
75.000000 69.182597 63.910905 59.457603 55.854810 53.008959 50.788699 49.071212 47.761183 46.796443 46.148494 45.821037 45.845862 46.271801 47.138765 48.428567 50.000000 
75.000000 67.196711 60.455198 55.105737 51.036429 47.996174 45.740692 44.079643 42.882958 42.075710 41.632911 41.577269 41.978480 42.947412 44.608617 47.018918 50.000000 
75.000000 64.155772 55.617976 49.487520 45.205416 42.216926 40.117687 38.643486 37.634648 37.008736 36.746583 36.890709 37.554643 38.938895 41.334208 45.039954 50.000000 
75.000000 58.813402 48.381180 42.031087 38.092816 35.561818 33.883835 32.756387 32.017506 31.591247 31.465894 31.694537 32.418632 33.925182 36.752811 41.807682 50.000000 
75.000000 47.719804 37.067065 32.169054 29.580287 28.061842 27.108053 26.489444 26.096242 25.880815 25.838357 26.008998 26.505000 27.593836 29.946153 35.438459 50.000000 
20.000000 20.000000 20.000000 20.000000 20.000000 20.000000 20.000000 20.000000 20.000000 20.000000 20.000000 20.000000 20.000000 20.000000 20.000000 20.000000 0.000000 
