100.000000 100.000000 100.000000 100.000000 100.000000 100.000000 100.000000 100.000000 100.000000 100.000000 100.000000 100.000000 100.000000 100.000000 100.000000 100.000000 100.000000 100.000000 100.000000 100.000000 100.000000 50.000000 
75.000000 87.201056 91.845973 93.877506 94.862383 95.364402 95.614242 95.717497 95.726344 95.666854 95.550185 95.377103 95.139064 94.816711 94.375143 93.753358 92.840908 91.422667 89.035028 84.549486 74.832701 50.000000 
75.000000 81.961599 86.311044 88.809567 90.217483 90.992538 91.388032 91.543447 91.535820 91.406085 91.172041 90.834138 90.376806 89.766087 88.942760 87.808197 86.196775 83.822086 80.173374 74.333615 64.782672 50.000000 
75.000000 79.340011 82.636571 84.845294 86.221661 87.019178 87.423092 87.555355 87.491501 87.274336 86.922523 86.434872 85.791180 84.949799 83.841371 82.357292 80.330606 77.507264 73.511340 67.834222 59.966344 50.000000 
75.000000 77.769771 80.062992 81.731194 82.826761 83.465168 83.758567 83.794459 83.633141 83.310699 82.842356 82.224466 81.434654 80.429892 79.142289 77.472434 75.280872 72.380776 68.541973 63.532619 57.251011 50.000000 
75.000000 76.685937 78.130643 79.211799 79.916329 80.287985 80.387077 80.269139 79.976193 79.534235 78.953056 78.226429 77.331770 76.228949 74.858260 73.138110 70.963972 68.212331 64.757207 60.511839 55.508101 50.000000 
75.000000 75.854882 76.580781 77.094767 77.370583 77.420417 77.273969 76.963464 76.515115 75.944981 75.257234 74.443425 73.482003 72.337823 70.961775 69.291230 67.252760 64.769774 61.778942 58.259313 54.272986 50.000000 
75.000000 75.165762 75.264007 75.244651 75.086335 74.790474 74.371038 73.845409 73.228058 72.526827 71.740997 70.860400 69.865068 68.725283 67.402186 65.849505 64.017418 61.859972 59.347528 56.484432 53.328288 50.000000 
75.000000 74.558190 74.087729 73.564548 72.977972 72.328722 71.624063 70.872765 70.081219 69.250945 68.377230 67.448555 66.446548 65.346394 64.117855 62.727285 61.141188 59.331972 57.286171 55.014347 52.559726 50.000000 
75.000000 73.994045 72.988238 71.980457 70.972533 69.969205 68.975939 67.996690 67.032200 66.078989 65.128925 64.169222 63.182746 62.148648 61.043418 59.842600 58.523429 57.068614 55.471137 53.739325 51.900405 50.000000 
75.000000 73.444927 71.915396 70.429928 69.003724 67.647569 66.367248 65.163502 64.032372 62.965773 61.952160 60.977196 60.024423 59.075986 58.113504 57.119208 56.077444 54.976578 53.811161 52.583911 51.306752 50.000000 
75.000000 72.885496 70.823217 68.853595 67.006129 65.298070 63.735453 62.315358 61.028485 59.861455 58.798635 57.823498 56.919596 56.071289 55.264305 54.486188 53.726642 52.977706 52.233693 51.490857 50.746827 50.000000 
75.000000 72.288784 69.662604 67.187865 64.909505 62.850067 61.013438 59.390383 57.963893 56.713433 55.617931 54.657718 53.815697 53.077965 52.434015 51.876505 51.400469 51.001843 50.675217 50.411127 50.193694 50.000000 
75.000000 71.621368 68.373743 65.357104 62.632582 60.224135 58.127849 56.322741 54.779786 53.468270 52.359743 51.430259 50.661499 50.041181 49.562907 49.225354 49.030519 48.980626 49.073430 49.296281 49.620596 50.000000 
75.000000 70.836360 66.875573 63.263496 60.075630 57.327914 54.997724 53.043213 51.416940 50.074022 48.976398 48.094746 47.409170 46.909242 46.593577 46.468745 46.546937 46.841511 47.359475 48.090684 48.995881 50.000000 
75.000000 69.860724 65.048401 60.772266 57.111256 54.052171 51.534242 49.481050 47.818534 46.483363 45.425938 44.610905 44.016797 43.635530 43.471919 43.542863 43.875323 44.501446 45.448437 46.720766 48.275340 50.000000 
75.000000 68.568920 62.702389 57.689289 53.573717 50.268654 47.643182 45.568238 43.934728 42.657847 41.675943 40.948015 40.451568 40.181412 40.149449 40.385031 40.934872 41.860152 43.226189 45.077031 47.387378 50.000000 
75.000000 66.721710 59.517603 53.728508 49.249910 45.833665 43.232883 41.247685 39.729589 38.573432 37.708015 37.088852 36.693654 36.520399 36.587775 36.937763 37.639810 38.794563 40.530963 42.980818 46.199323 50.000000 
75.000000 63.807647 54.929505 48.472941 43.883034 40.605566 38.231852 36.486780 35.190519 34.226895 33.522411 33.033630 32.740423 32.643539 32.765920 33.158069 33.908501 35.160320 37.131592 40.121459 44.430757 50.000000 
75.000000 58.584770 47.928379 41.362156 37.217730 34.489928 32.620193 31.296432 30.339076 29.641909 29.141753 28.802980 28.610078 28.565281 28.690454 29.034214 29.687630 30.815933 32.720272 35.946565 41.403364 50.000000 
75.000000 47.606445 36.842361 31.836586 29.144347 27.526084 26.473483 25.751404 25.239685 24.872391 24.612147 24.438574 24.343160 24.327758 24.406061 24.609127 24.998898 25.701015 26.990892 29.543397 35.236690 50.000000 
20.000000 20.000000 20.000000 20.000000 20.000000 20.000000 20.000000 20.000000 20.000000 20.000000 20.000000 20.000000 20.000000 20.000000 20.000000 20.000000 20.000000 20.000000 20.000000 20.000000 20.000000 0.000000 
