7.563665346120341804e-01 6.042431029704841139e-01
9.530055688123070246e-01 9.571389910591610040e-02
7.986439425385480906e-01 2.852391687143079890e-01
1.710799744576900761e-01 4.889562751295414289e-01
8.712746569908703664e-01 9.386376676959963250e-01
1.454654348583137580e-01 7.338699375678590098e-01
1.356093816816705822e-02 8.311845862179286781e-01
8.505860430582957710e-01 4.991191071164172710e-01
5.383878799275054750e-02 8.275195621598082640e-01
6.611115921662018557e-01 8.401096287144105279e-02
8.653012625739476826e-01 2.517920243355448173e-01
3.886405160884790488e-01 9.592775640583914853e-01
5.773268687009910360e-01 3.715242496666726346e-01
7.299470129909955141e-01 1.938624826493107189e-02
5.824749086531928466e-01 1.570825630048412469e-01
4.460329666862182796e-01 2.306758334195805338e-01
4.585623474946644018e-01 3.566410383831103426e-01
1.391198452946981190e-01 6.342803490639734587e-01
1.431404228354089536e-01 6.907538888747738470e-01
9.742044204701415522e-01 9.035720437100625002e-02
9.639485168182060359e-01 1.204674928526492383e-01
8.966811545473316603e-01 3.396789180698224220e-01
1.866308747843916649e-01 4.648096252633969749e-01
8.566127264063194691e-02 9.022886474044446992e-01
2.223434115874692862e-01 3.153061689728257067e-01
5.015882711958307150e-01 2.315894015829150776e-01
5.668184506088991270e-02 2.323580057240786090e-01
8.489644219478531539e-02 5.527026745157817000e-01
4.199390143383985308e-01 5.826565160235950280e-01
8.538785015007093193e-01 2.333393645144197226e-01
9.623471386078528145e-01 5.659717774957975234e-01
3.262342851420116929e-01 6.077436244802059129e-01
8.851655093149095599e-01 9.527656697989723700e-01
6.680304134001574523e-01 2.428349398263762726e-01
6.835549886059639757e-01 1.618741533936510768e-01
6.424087409978562757e-02 3.442116287274088471e-01
8.701704863143077118e-01 1.096135538947771160e-01
4.361857838492501083e-01 9.137637796866475703e-01
5.595488149183512894e-01 4.539704874933185863e-01
6.997891082196183721e-01 1.632313300536560874e-01
2.397192624340094280e-02 1.832934740482174973e-01
7.576263927162878442e-01 2.851436304324544979e-01
9.856589713711582101e-01 2.977952338337352955e-02
5.043206530518615782e-01 8.780637977772547398e-01
4.812988934828504872e-01 4.168050257748656673e-01
5.238775219498639224e-01 4.799860725174439624e-01
1.699047004214531142e-01 9.075695856320882271e-01
7.010111852407049371e-01 6.660084414756649585e-01
5.967332054199669944e-01 2.686642297176043970e-01
4.422705148866612479e-01 2.771080876364624412e-01
8.602382539376793869e-01 9.533805231014692572e-01
1.165067443336470498e-01 1.447402038317658901e-01
7.487233664375813058e-01 8.665724640268157586e-03
5.199987904687384255e-01 6.904700998542772084e-01
3.503007449334686330e-01 9.075414340602618868e-01
4.439895415274948132e-01 1.322470837683441536e-01
8.841678469628507786e-01 6.067786754531850901e-01
3.176693943239902174e-01 7.787072968435420073e-01
3.827086815418511145e-01 1.994915105646197784e-01
5.750811234842756470e-02 9.212084356969711951e-01
8.716511408465278388e-01 5.387575782111237999e-01
1.518891139391597145e-01 9.437705011888752882e-01
4.001953996005003233e-02 1.366012735657751165e-01
9.931385698590365907e-01 8.425107680126776577e-01
9.595108588989516019e-01 3.562773853310868821e-01
7.647724474383515991e-01 9.386295798354907793e-01
2.670423175070701927e-01 3.184053220858565902e-01
9.029903724763679307e-01 3.512007692761076605e-02
1.753006530630436544e-01 3.273150905343420458e-01
3.066320405291158568e-01 5.064998792237331848e-01
2.348866246940474189e-01 1.112674835832502263e-01
9.220635802246018864e-01 5.114039865404513829e-01
5.641945670401979918e-01 1.223113361898537921e-01
4.143674297164571252e-01 1.375607981087367815e-01
9.350683241998984929e-01 1.349154294359845574e-01
7.495365035607211013e-01 8.806297956343447364e-01
5.488567797074356269e-01 5.592330648572716445e-01
8.555509312372775454e-01 8.248696091674782016e-01
8.917476426573311965e-01 9.923419361708033515e-01
7.890740606106312338e-01 6.961567508419269634e-01
7.953009289695204265e-01 5.952831612623012969e-01
5.662710671915155425e-01 2.029313430889685410e-01
3.155675467604535100e-01 6.870458051976646718e-01
2.518437120719356770e-01 3.150843943771092226e-01
5.673966381211851262e-01 2.687131340821552472e-01
7.288704437720668894e-01 1.210166248662728483e-01
4.943458969575786899e-02 5.926410488405779997e-01
8.410837346494793865e-01 8.464527714535619030e-02
6.987518832751243858e-01 3.002230013602564807e-01
8.572203761640950770e-02 7.732813942594669587e-01
7.220677809134622427e-01 1.243319463949479342e-01
4.810473768494502034e-01 8.678692938666175971e-01
5.449612173073168364e-01 9.478674344667881169e-01
7.936087702165096625e-01 3.600712931346450318e-04
3.052500486599263319e-01 6.148332139491863302e-01
2.998110364256120208e-01 1.625272891638813721e-01
5.909565436942677552e-01 7.444718040471837162e-01
4.875609980111407227e-01 4.687597529169270638e-01
4.087818928404283181e-01 7.055548447877213469e-01
9.361357021796304911e-01 4.304573826314705975e-01
8.614316172436585761e-01 4.577327939833016890e-01
3.653005186405311466e-02 2.936403086262424633e-01
4.687864298547853581e-01 5.543494000599127336e-01
3.832492422667009846e-01 5.478658754916572171e-01
1.608616157379703093e-01 7.289431964439430089e-02
3.440779008085197432e-01 9.501523257269427480e-01
4.872603818224745531e-01 7.275461702359671268e-01
1.123222408258413019e-01 9.690189795901669179e-01
1.407225420506907909e-02 5.232156247079879918e-01
4.311092744504202434e-01 4.748592698827913683e-02
1.321682779131709840e-01 3.102390804202086461e-01
5.794147650242759129e-01 5.928649360835945847e-01
7.763602431372952362e-01 1.241804299487709873e-01
4.844833462000042168e-01 8.524065461343122152e-02
9.826892089986634105e-01 6.439199357228756471e-01
1.955421850829084374e-01 6.658468984455150341e-01
8.478171670887230116e-01 9.576187283192597599e-01
1.882671099115444946e-01 6.093970645085631244e-01
9.708903581050833953e-01 1.373999468840647609e-01
9.950775539318492680e-01 6.432824746508892799e-01
2.369069643168427719e-01 9.251940108749000524e-01
9.350160357749373041e-01 3.295524568636079010e-01
4.337573897002812151e-01 3.829814631431212035e-01
4.181232948753446088e-01 6.406611966525427304e-01
1.972351574517668960e-01 6.078514537253560945e-01
8.524680368583106294e-01 3.467328611498915469e-01
8.080427362248074896e-01 2.753599162200457418e-01
2.466861036441916344e-01 4.501078561940695666e-01
5.320489755070401117e-02 6.555673674663871076e-01
6.535428433899437284e-01 8.790201359906918421e-01
1.801337667354334648e-01 8.996538396745475952e-01
7.540633770944765724e-01 5.021476333262042679e-01
5.088809540337594362e-01 2.136487802483257870e-01
6.643808691295057800e-01 4.330237945004837830e-01
5.560696097268224003e-01 4.889046171845606858e-01
6.633470526068296902e-02 2.424894224863881620e-01
2.680641361741835649e-01 4.081329497180162802e-01
5.936701070934015112e-01 7.188777116409204027e-01
1.942666145610220108e-01 4.009894011331029962e-01
8.473508985791988746e-01 1.646588877320700472e-01
8.688983150133857691e-01 8.569512571723250094e-01
3.059659292219697457e-01 8.097921509586325506e-02
6.476448709166509055e-01 2.958536801651013848e-01
7.516765833219958282e-01 1.049738909280477639e-01
5.038590742461624972e-01 1.663730535351319872e-01
6.918688308993109493e-01 2.444727700590059172e-01
8.243645290678779380e-01 9.184138173857930854e-01
8.192889853406015721e-02 9.333343128789299836e-01
7.045763459678269225e-01 2.309228158127996089e-02
7.947198677301948733e-01 4.486933417445337913e-01
1.252107146808787430e-01 6.098414129533793471e-01
8.705478137614233169e-01 6.205240137575273041e-01
4.820724752669555135e-01 8.735083466376135641e-01
7.535175829700851979e-01 8.339033046680174310e-01
7.348511202892302752e-01 6.556035654806994240e-01
2.063639065810762840e-01 1.578915597107675151e-01
2.633362479887686458e-01 5.883199837999462112e-01
2.398468222304044328e-01 3.886085047269172144e-02
6.700950497127688976e-02 5.408161303239177320e-01
7.571500990224726557e-01 2.218232166607991829e-02
8.278380374760141436e-02 9.247307174308048161e-01
9.715306944148265345e-01 6.191397090308335960e-01
5.529014477935977334e-01 5.671909296821651125e-01
1.514798677090640755e-01 8.487679594141246397e-01
5.982055330272788574e-01 7.495412076677946400e-01
4.373892355868502779e-02 7.154777240582251840e-01
5.292617415569031980e-01 2.790819227506668998e-02
8.870841629709258491e-01 1.812930433188633117e-01
4.656723356650944723e-01 8.507209193118115964e-01
2.567488950950690407e-01 3.406950293035783117e-01
8.911996843928424727e-01 1.162204633395169662e-02
5.322967336714810038e-01 3.924534283316354344e-01
7.839162590222903404e-02 3.834060023349354918e-01
4.296560801963558163e-01 5.069172101493101268e-01
1.173125622299295845e-01 3.046558127812880601e-01
2.099299238004038726e-01 5.215680601845269493e-01
1.413751409005735704e-01 9.981482959946814670e-01
9.979042782557274727e-01 8.934932388998909625e-01
9.880341807420657263e-01 1.167572762176860568e-01
7.570751936822449624e-01 3.755680467016099255e-01
5.609369068801350888e-02 3.587822451165392224e-01
7.680567431033222814e-01 7.121023612039202311e-01
2.501031122363944759e-01 3.091716150915252426e-01
2.221690784675450780e-01 7.925279663554494203e-01
9.916541419534387058e-01 4.959533293616784633e-01
9.121383023201381501e-01 4.232880412010034954e-01
4.707214325989361736e-01 6.253881013032372982e-01
3.713822568611861996e-01 2.362159681299789149e-01
4.390438607743447630e-01 4.412721316000783878e-01
8.284794921022791137e-01 4.216055968668270815e-01
4.425606081164672467e-01 8.498570682341299865e-01
1.096192768609587365e-01 7.123133419692647683e-01
4.379939069757468051e-01 4.332324868180598143e-01
1.488335735017005668e-01 8.224910754807839286e-01
4.708404272992186002e-01 9.541505087775378202e-01
7.139296429891611728e-01 9.619048427106876575e-01
9.485239844424596667e-01 2.219696102440327223e-03
3.811069186161486488e-02 7.724363435311327741e-01
7.549148126617211130e-02 4.215787665679495699e-01
8.921109409294318837e-01 4.016416477436892674e-01
9.727382318527988403e-02 3.183876077755221079e-01
8.972406580292004996e-01 3.439566643574587523e-03
2.246065976452549240e-01 1.729989900093176214e-02
1.424545642625768549e-01 3.749222154737097412e-02
6.826068029700559370e-01 2.046442098578924451e-01
7.865784095507080131e-01 4.644404048103775162e-01
6.451955825925627108e-01 5.618951363375068730e-02
5.698569125365008370e-01 9.148175765650047309e-01
7.757993217286217602e-01 9.563916187965532112e-01
1.739581867465473941e-01 1.051083495311012639e-01
8.465117982820241638e-01 3.360095401028485584e-01
1.375877677395151988e-01 2.835073474837681573e-01
3.516984416918648160e-01 8.639479603453741330e-01
3.414524550261806013e-01 5.806428275353993085e-01
1.963435763917532606e-01 5.243252304785841478e-01
2.870278484117609885e-01 9.150821511124896945e-01
6.514110362305520763e-01 4.663627053885252005e-01
4.936502012779436788e-01 9.837566349945027211e-01
1.201984003376119770e-01 4.937281637298925885e-01
7.389235720779527838e-01 4.635797180714127386e-01
4.407642537800176008e-01 9.669977581347862783e-01
4.628540976616829505e-01 3.918691621192125218e-01
6.396190617406378731e-01 4.426042231801161631e-01
7.292341755607927301e-01 4.330942903343691919e-01
2.388207344470140159e-01 3.918705608172126098e-01
5.738715923309436473e-01 8.623331622726746470e-01
2.726713971409309156e-01 9.734715036300275459e-01
1.129648048366165280e-01 7.387407140453683407e-02
5.554795300248520640e-01 8.186517257070656806e-01
7.091315853252225798e-01 9.770113524171659680e-01
8.087912334650722013e-01 4.538124076413834196e-01
8.018815328781625507e-02 8.869462469098902124e-01
2.099150144207961866e-02 4.827860523590620234e-01
2.975405070956300690e-01 6.649503970324122104e-01
2.829361239108916237e-01 1.075824360334715069e-01
5.813926180209818551e-01 3.180772364810068309e-01
3.760803161929071603e-01 6.331295340901609281e-01
2.656087456062311558e-01 8.411213200040134064e-01
1.792759285944390824e-01 7.903803037049477176e-01
4.030359826311671334e-01 7.787466452568562181e-01
6.586478035853022828e-01 5.707103844319233454e-01
6.522825412563388880e-01 2.716019433146159567e-01
9.952776714288998905e-01 4.594865665524108245e-01
6.795946077555066189e-01 3.342066860255764604e-01
8.932638659079894516e-02 7.340365824313700438e-01
5.209491462661909322e-01 2.705118070089355120e-01
8.252175870073985564e-01 3.352329033711588524e-01
5.403476160177518306e-01 3.433653917082728491e-01
1.848448800678533788e-01 4.486553382540596768e-01
3.470192449554645453e-01 3.622638595720978349e-01
2.278855247555425789e-01 6.599944359374620984e-01
9.358318659755804347e-01 3.028539742741541696e-01
4.120330464721968511e-01 8.336093130504163007e-02
5.258094304194138591e-01 1.554929223443046737e-02
7.258810573294830482e-01 8.466110311719203807e-01
1.794217461887896992e-01 1.887913750372071098e-01
7.010332989674149529e-01 8.983620598695218895e-01
3.883987423651097393e-01 9.507775378315843628e-01
9.626808083913493963e-01 8.618324625052782295e-01
6.721103205154986826e-01 9.949841315998884106e-01
5.284471761369570197e-01 4.896336301398951374e-02
6.946443065521571425e-01 5.152436480870922209e-01
8.783193426946486193e-01 9.288130220521312319e-01
3.554488546762242240e-01 9.698509465129551144e-01
6.366160908961929765e-01 3.500102625833753089e-01
4.372281360913702342e-01 2.758472098249972193e-01
4.381928925251366014e-01 1.064607534086873253e-01
8.090400099993499961e-02 2.664192356703626308e-01
7.176334616932270594e-01 3.469441839031885966e-01
7.755675608435024238e-01 4.993902255538640311e-01
6.643436519763932235e-01 2.832138484757923402e-01
3.753509600924909151e-02 9.270883646900461850e-01
2.121703862042045863e-01 6.762928841932164259e-01
2.739596435183208056e-01 5.098518592733941590e-01
7.052596613093069511e-01 5.755661953678197218e-01
6.694109675440456098e-01 7.711355266365093053e-01
1.739076726930002259e-01 8.043487994999398705e-01
2.181703903787852727e-01 7.548515078852188198e-01
8.007569976775880116e-01 2.988168550529068934e-01
9.454690746881172503e-01 6.950482629779245469e-01
8.043148763201979357e-02 7.698878601547930467e-01
4.653602828275338332e-01 6.473749766917638038e-01
3.682698825220143135e-01 5.323691155443555090e-01
6.881946614631440085e-02 3.701784882935572618e-01
1.886470271959692635e-01 2.801752888239958938e-01
2.114495195943146832e-01 5.042368257751791427e-01
6.543526468964621090e-01 1.090420372538217775e-01
5.070413856004227782e-01 8.934610951626569264e-01
1.095842732752668747e-01 1.935764268110542474e-01
4.957145603845458659e-02 2.000635495214819759e-02
6.764158730596481206e-01 2.370478669110703818e-01
8.058936196718602396e-01 8.946974293872645978e-01
6.285873305225209151e-02 4.991351979885211287e-01
2.171936502360574117e-01 6.376375731181158635e-01
2.673239174157315823e-01 2.540406199197536852e-01
7.033018323972610730e-01 1.720368524407207556e-01
6.620079787231623047e-01 9.185451381451359421e-01
4.679885159870305067e-01 4.647868312724751094e-01
5.146933813139294989e-01 3.755925479354149665e-02
1.099812483043974831e-01 9.066967076013295879e-01
6.549008827199745975e-01 4.921773643838839307e-01
6.936540182650702269e-01 1.117458689190815591e-01
3.848552875003159457e-01 4.814908809682679758e-01
2.402172533797783949e-01 3.276150480980535296e-01
4.303168560175969493e-01 1.334447817455486351e-02
4.103261477953729086e-01 9.694700401376223908e-01
9.024667871501562688e-01 8.847410295160869076e-01
6.036274654184978772e-01 2.997003482749871495e-01
7.744684305365715504e-01 8.310320404755534573e-01
3.308316399781530137e-01 9.891474834765942026e-01
8.751054220872319656e-01 1.792741149191862116e-01
3.282032285849201259e-01 7.169176085485565730e-01
3.937668959378586298e-01 4.254365638584349796e-01
2.971634428910295833e-01 6.706340255262780436e-01
8.568636471584060166e-01 4.544469526503509549e-01
9.493729459996026465e-01 9.905026908050512668e-01
2.223972713001647339e-01 1.496023202386501660e-01
8.025000452447433874e-01 9.625242094766514045e-01
2.669564706451101888e-01 9.642890963576478125e-02
7.051389226088492501e-01 3.687943311791125334e-01
5.605552191474960644e-03 9.419960753815401766e-01
5.332477060162129634e-01 4.661443346174257707e-01
1.635586167772147270e-01 3.147170387993903917e-01
6.928875117208314061e-01 6.362450280230329547e-01
7.586374354571117085e-01 6.144845352673906635e-01
1.621026497322698434e-01 7.985805705193187443e-01
2.529539343013914587e-01 5.434102185234924720e-01
1.581321893687948066e-01 4.212698398255444454e-01
4.272690573895138177e-01 1.210565179898401844e-01
5.304783732662429196e-01 6.902468435679897096e-01
9.540675354035182965e-01 9.108590580085262900e-01
2.326119566515248982e-01 1.697226887197964551e-01
2.318094923394461437e-01 2.339478161381024490e-01
4.934369793197675991e-01 1.162038042645902047e-01
2.608252739167284950e-01 4.989123878984071947e-01
9.669789459595721226e-01 6.485459709007317386e-01
8.097010011822725062e-01 4.288786427860524775e-02
8.014316479829223239e-01 5.655017631562053726e-01
8.042082853247866092e-01 4.194263588879525440e-01
9.213721463688659963e-01 4.757323467070604384e-01
8.302744607034039381e-01 7.547408152851198260e-02
1.976924797353282193e-01 9.209190149995014618e-01
9.929129043939458610e-01 3.729122086369668354e-01
6.050330136445054574e-01 9.304357543712181711e-01
4.925733191563499425e-01 8.755887902128364209e-01
4.793889061682166108e-01 7.972785830616904157e-01
4.781794489394903813e-01 8.384645697520918262e-01
7.963542745341778417e-01 4.420703217089170245e-01
3.724609955343323175e-01 8.738542135641408359e-01
6.868587659153577718e-01 5.743956530416026718e-01
9.671669897878796274e-01 5.605245042494418906e-01
1.806178455618643319e-01 2.942385556623445808e-01
6.920053067961032811e-01 6.123630643900591641e-01
9.570061692056440750e-01 6.464887599315436439e-01
1.702683474724484558e-01 1.090361776204711308e-01
3.589753131086388382e-01 2.164243542524117991e-01
4.217882868228803872e-01 5.921938996789642973e-01
6.671608377741697904e-01 3.008348639092632837e-01
8.435432836862812866e-01 9.915728741173355232e-01
3.591639863718600889e-01 2.562298536899463297e-01
7.787381984846821759e-01 8.990086012157825213e-01
2.671211756694578110e-01 8.031120483309519553e-01
6.543119312368943508e-01 9.952558977796893691e-01
1.708103862050097677e-01 4.907608027943597406e-01
9.653150468358184799e-02 8.473810387159507185e-01
7.901966518953446039e-01 4.410741731189190551e-01
2.142665455866961111e-01 8.657217709625492086e-01
3.617538581901101891e-01 2.056123640557327992e-01
8.837857063332152929e-01 2.436579649418399995e-01
4.907364514789669396e-02 6.657642254283274719e-01
2.572108173185512214e-01 4.177273721096613768e-01
8.370224347284800359e-01 4.795351622393360103e-01
6.824474455888565050e-01 4.860561074085002486e-01
9.938702924570398389e-01 6.741388482945770422e-01
6.264414743100450433e-01 6.762610869864893459e-02
6.002772159437734789e-01 5.761165586954899442e-01
8.002150591727963391e-01 6.531799732732072039e-01
9.918235466789784294e-01 5.406397660375839020e-02
3.320442707393733706e-01 1.546942293528532630e-01
6.809935740411051652e-01 8.296500880785568910e-01
1.666418850748742075e-01 2.340113714200557915e-01
1.379201392610664989e-01 4.732797634997532032e-02
8.387044243630084051e-01 8.178033197282029709e-01
1.369212547050421280e-01 6.229049709608686092e-01
6.060215293591055818e-01 5.820352085409344900e-01
2.552965529216099094e-01 3.215060277191351679e-01
7.401044116429578157e-02 5.345820507938041644e-01
6.627025628652617462e-01 6.642299255822100568e-01
1.585449899008679608e-01 9.623569027786564867e-01
1.627946606212884451e-01 7.963396919442264910e-01
7.701634645531176826e-01 6.218525109010967222e-01
5.730254760025575989e-01 1.935915946330306614e-01
8.125034788005121023e-01 8.892550326219124113e-01
9.271271785206260940e-01 2.295027021381584875e-01
4.644381600946089206e-01 4.532043207875577906e-01
2.082878601331773494e-01 8.284681797923676427e-01
3.123195666000190274e-01 6.954879635294306528e-01
8.326603955361422393e-01 4.056425390220140814e-01
4.308357161984159855e-01 3.412755991619954576e-01
5.767336040160814248e-01 9.925321923835650484e-01
3.992316439347884938e-01 4.492889400369598496e-01
6.746504016604745191e-01 3.393924580799273505e-01
8.363656476819951724e-01 3.490943310309555514e-01
3.125345835994528532e-01 4.850265769552318806e-01
6.130424915210646031e-01 7.374610715006578721e-01
5.876251732964088426e-02 7.384297421571485165e-01
6.735942041138217595e-01 4.354566120128877671e-02
5.059868506053657455e-01 8.811672563335134489e-01
6.979392108995331467e-01 8.675312208676723147e-01
3.504368702159182947e-01 1.608850491573932118e-02
4.270119531695671933e-01 6.616734854263955912e-01
6.891515936781800189e-01 1.356729546495967220e-01
4.956618831834701533e-01 6.730819162192295257e-01
2.623855833278607719e-01 8.295671125379715516e-01
2.237610499306990075e-01 7.312522420348497310e-01
5.794300141602695131e-01 2.164259411249795928e-01
3.944440959669703872e-01 5.566842934290417988e-01
2.474071222997215047e-01 5.688937070297223064e-01
3.822890922899691013e-02 8.260442944869081927e-01
7.514011482035741762e-01 1.194500457390731407e-01
5.585083091025569990e-01 3.531471873318350330e-01
8.142474527971477194e-02 2.721970618674570686e-01
8.443226315141237892e-01 3.889865377862994356e-01
8.247232946972680168e-01 6.641127254068563968e-01
6.355987022952336307e-01 1.481567300003632237e-01
9.539245752187478500e-01 5.732913323954982321e-01
4.744714913680344592e-01 9.873843513717815989e-01
6.707674245561345838e-01 2.565053059215185449e-01
4.702383729078856156e-01 9.979811943212140157e-01
1.444743465154512130e-01 1.942447221775703836e-01
1.592557061170393196e-01 5.605175040466227054e-01
5.254358125369491539e-01 8.907268424522554184e-01
4.969799784052488789e-01 4.690312546815472716e-01
2.127474998320569854e-01 5.883584264947958609e-01
9.747349324495678813e-01 8.114653972312695362e-01
7.719396662549696808e-01 1.840079121610885826e-01
7.992097651983240958e-01 2.302190328289579480e-01
2.406261607963184890e-01 2.999481288442532589e-01
7.676218727778361117e-02 7.087119675114841311e-01
5.810401329214748278e-01 6.755095905260324329e-01
6.219997904875275152e-01 2.887230186821565514e-01
1.729700278464221253e-01 3.196716675005103481e-01
6.861262157399939943e-01 8.802156850955454859e-01
8.640429920563494903e-01 3.791373910238384770e-01
2.601227391822165114e-01 5.648417135660430688e-01
8.628016835586548305e-01 1.167126275622656362e-01
4.330902510212396583e-01 6.766391206658245450e-01
4.939855268316083459e-01 3.243242117239498734e-01
5.239410400777623211e-01 1.507407011219141779e-02
1.518192094657904168e-01 9.678626412979929317e-01
6.437939070351748061e-01 1.910561647327553292e-01
4.233540528974749639e-01 9.179220141686446066e-01
2.625072024142570681e-01 3.261257367675086671e-01
3.308806143853403325e-01 2.953943223002036822e-01
6.231799508686732825e-01 4.017742151657839322e-01
2.688798059616563929e-01 2.755961760390932547e-01
1.815358590918568771e-01 2.054376292572400731e-01
1.207412537884431369e-01 6.773143061996329539e-01
5.644202116582390794e-01 7.492898005557676600e-01
5.530541067990357718e-01 6.057963318774617356e-01
9.153835130363583428e-01 8.640392917888206625e-03
7.629574611965864728e-01 2.926892497374078417e-01
5.540958844059928889e-01 3.149246676604677830e-02
2.736932672445551162e-01 3.559683440776321151e-01
6.418785051117015250e-02 8.999934187282079279e-01
9.727050772472045637e-02 4.765337013030018776e-01
1.213852784831881415e-01 7.737456465315043497e-01
6.212715889219100340e-02 9.719975195193941708e-01
8.294718936889179384e-01 6.757493663832112585e-01
6.146092669071046011e-02 7.157049613864696624e-02
3.602057099762260295e-01 7.858427118856522453e-01
7.729666940110668794e-02 9.025100986905560951e-01
1.150555338225293101e-01 4.017608402731243089e-01
8.276498160464503817e-01 4.535117790748141031e-01
4.573601904774968752e-01 4.159426953710790853e-01
4.803040615875734387e-01 5.570447987440348969e-01
5.519696379504593908e-01 3.902689060987809544e-01
8.024470239531541482e-01 8.706776424724615993e-02
2.238852744814551210e-01 6.169984776582757569e-01
7.175298367869679117e-01 3.964744256425639657e-01
2.573773408128551266e-01 4.354123615443572515e-02
4.002763814254266528e-01 1.902519521894383558e-01
3.372551853778076314e-01 8.177825427364127098e-02
7.228745712075350660e-01 7.110263819031314991e-01
3.692383052581305058e-02 4.931197951451801176e-01
3.587376782851703361e-02 4.418705214815831228e-01
2.556777194895888394e-01 5.801390619696557005e-01
6.320068962830818204e-01 3.178958398043960631e-01
4.754173552570765127e-01 4.870512824593623558e-01
7.513392156893983209e-02 2.159277571761994974e-01
2.128272950841145761e-01 8.020593451805452245e-01
3.170320945054760919e-03 7.221029034859750562e-01
6.011944248380148847e-01 2.445523378813052595e-02
7.183143857688431000e-01 2.330886194851663484e-01
1.976757665937974862e-01 3.815947304808581242e-01
2.248846901397603126e-01 3.405487563188264177e-01
7.052979328773540946e-01 2.314182053030963138e-01
8.283614103183951638e-01 2.673562597951012476e-01
1.952952507053540288e-02 8.306543810708614251e-01
3.290752543393166141e-01 8.776976248268174574e-01
8.521274044756562693e-01 6.274492220864860137e-01
5.297543267509190468e-01 5.182926255991369136e-01
9.884660351203075068e-01 1.991512782082478505e-01
7.904767625626126781e-01 3.337711543050840834e-01
3.541372209866506804e-01 2.853529816017470466e-01
6.763116195178298096e-01 8.132933132226716211e-01
5.003781832703220189e-01 2.907640017209586203e-01
6.706924671632363832e-01 7.767276288578242038e-01
6.710330935115030870e-01 2.290136972757667033e-01
1.731811347722697070e-01 2.476497816599069202e-01
5.909655039926975384e-02 7.125113047328143212e-01
2.466667718073105586e-01 6.216626303093314432e-01
9.810115140651783916e-01 2.543352469274676730e-01
2.564262694742192039e-02 6.260839966814939483e-01
6.786467697038750524e-01 7.221488805554794332e-01
8.526866460975595086e-01 5.563957297636713539e-01
1.202371877468817463e-01 9.243684990940681523e-02
6.879107233155143941e-01 9.457028243452016980e-01
3.508676312998375568e-01 2.719990253075129649e-01
1.325662210616040948e-01 8.592612141922372215e-01
8.815272436256221811e-01 3.998757073061465217e-02
3.010029375610694391e-01 5.998904212507794043e-01
8.139054459683062737e-01 1.015000213039640720e-02
7.851079956149087380e-01 6.735840077960157934e-01
4.505003178869918523e-01 8.450611774938714404e-01
7.744473028116657387e-01 5.730103520054168342e-01
6.170847059240635035e-01 1.235862906542981587e-01
2.886963457003591804e-01 1.634925654999823674e-01
6.036542609360603384e-01 9.287152335685624482e-01
2.050408947576698449e-02 6.007561269860867137e-01
5.558382815587885606e-01 7.999831899311117267e-01
5.675934002073217410e-01 2.839518608181438308e-01
3.099809382314251405e-01 9.304083610516371561e-01
3.834842212618916335e-02 9.814957616911857974e-01
2.417557314605953689e-01 4.926888741390824666e-01
8.800470168252952918e-01 5.665846993177121593e-01
5.363506594990075094e-03 4.475307045789218563e-01
6.137928176402756009e-01 2.839635457506057836e-01
8.027199881522109060e-01 6.170797360470003934e-01
2.439678377216336624e-02 8.697535077822471372e-02
5.221237141856258646e-01 3.758152744296767711e-01
8.361663600875234303e-01 6.365940364134026197e-02
8.733475134595428679e-01 2.436255910594650187e-01
7.842311112091869818e-01 5.425656792142088403e-01
6.551685253558737765e-01 8.363647436760356380e-01
1.024838741345354132e-01 5.127117292379457236e-02
6.123329290471053454e-01 8.759859616743914668e-02
7.931213109601080724e-01 5.903679638532219887e-01
3.532108170244059320e-01 9.842407858444968127e-01
1.884773464423677991e-01 3.386038439992887783e-01
7.932814763801122604e-01 9.868680891815839740e-02
9.388342273142389338e-01 8.510804527696328448e-01
9.805575119039541265e-01 9.669228354696911554e-01
5.807810890573482654e-01 2.835213473243071158e-01
2.036325548967388155e-02 1.750242797308292353e-01
1.078920291948415322e-01 5.237779012239950349e-01
2.671979405402192809e-01 6.905949839684792924e-01
4.741754012196301993e-01 7.194808463165123236e-01
7.223219223243064757e-01 4.447191889485720973e-01
2.327105330040846187e-01 8.204123872745817669e-01
3.695762452613375881e-01 3.953850207414398854e-01
3.292969611842766486e-02 1.579876433013208681e-01
2.628668620702816483e-01 3.487264326503523026e-01
6.309869644847337922e-01 4.896048418410252623e-01
3.318981381268092390e-01 5.255558088118997828e-01
9.389805592590710903e-01 5.891027826378111287e-01
9.175752619960383383e-01 4.986107459612731940e-01
1.924400943379995788e-01 2.266366885668685827e-01
5.287142175073041850e-01 1.750326152185194273e-01
5.490039258027434865e-02 2.240188987871140069e-01
6.925005260335468371e-01 3.883476590038019705e-01
9.010838182132828722e-01 4.632998399934605827e-01
7.427006140814507162e-01 2.318718329097975150e-01
1.060393857195647271e-01 7.406586678138713520e-01
6.898245710175680001e-01 3.753033632253022223e-02
2.176918012264448254e-01 8.986188416747130647e-01
3.824227941062827707e-01 6.236580503792857888e-01
7.988320658419126863e-01 8.006459902744483825e-01
2.200295427788101499e-02 5.513520698429864586e-01
5.542784936095991322e-01 7.435981137931693130e-01
7.914610718213478391e-01 6.305331259615003514e-01
8.661330258481172439e-01 2.843741944364127638e-01
4.664855121090109025e-01 5.136215980134839487e-01
2.209654583085389756e-01 5.601351485727512625e-01
6.051874201141393961e-03 4.823844819978029275e-02
8.109701293424764756e-01 8.264084556080932842e-01
8.416026536590057727e-01 2.843152024125611410e-01
5.850272784862922126e-01 4.506247201821635961e-01
2.484943459668291776e-01 3.207515930938948934e-01
1.172523957403572847e-01 6.798732114254596448e-01
4.296994889634876413e-01 2.674185127223736025e-01
4.725669951885205222e-01 1.338126871158161757e-01
7.102122820676883830e-01 7.867891507738100643e-01
9.951935300070821055e-01 9.514038522357036731e-01
9.495025609130870459e-01 3.005327505418435852e-01
4.220352084380912805e-01 6.054838869963032888e-01
4.581333797649338457e-01 1.971471142266822962e-02
6.294253009337000826e-01 8.735794410176171976e-01
7.107083415739093857e-01 4.940762893260854938e-01
8.208422398847966539e-01 8.080404071806135402e-02
4.294082212573515633e-01 5.341326021736790830e-01
8.965011047938656885e-01 6.525503184876665363e-01
1.565854458665051352e-01 2.719074208474663301e-01
3.066358814611435113e-01 2.832245703866009823e-02
2.339423726321571140e-01 1.117222171724284729e-01
8.373831602613444058e-01 8.977407462415523121e-01
6.305823056243418101e-01 3.936527376984333415e-02
1.662869805594883177e-01 2.531850722700806910e-01
6.212739784763977591e-01 8.714712671402490285e-01
5.197452916152166535e-01 1.477484264127032487e-01
6.660291243708937881e-02 2.745312025606498896e-01
3.417081604517089310e-01 5.127864258077619031e-01
7.232806529259020456e-01 4.998382890859328631e-01
6.907570636077307036e-01 4.060993822022307409e-02
5.719855730561680396e-01 5.970560324454498025e-01
6.653120380672039591e-01 6.116574229758207082e-01
7.431128022160542468e-01 4.519196402467583473e-01
3.356986557577056329e-01 4.386002122267055325e-01
2.331023547907939975e-02 8.337536357923114316e-01
1.419639963328725996e-01 9.268477573386317836e-01
9.789285194373416044e-01 3.589389125700886973e-01
9.874203362596292166e-01 3.889919527385526932e-01
2.079218112217694481e-01 7.282120547641934838e-01
4.870866210957657261e-01 2.175279914626629951e-01
5.212502427117415849e-01 3.431223282493144344e-01
2.956466823447670977e-01 9.353014572621125566e-01
2.438821219655529227e-01 6.046152167067578853e-01
2.133666763342071393e-01 8.682916412008089280e-01
5.150854778744929918e-01 2.423708836355750185e-01
5.731695308031674596e-01 3.805903982269107644e-01
4.891098206913592206e-01 4.634435395517430001e-01
6.249200392153796413e-01 8.580244108496041244e-01
4.187733081528263179e-01 3.174549170755391891e-02
9.802308415210833070e-01 8.812249282160223851e-01
2.861751665750975615e-01 2.834935387794388362e-01
9.217117452468359673e-01 3.544224421252126778e-01
2.586910471579297877e-01 8.585177011055256102e-01
5.817643077506571281e-01 4.565808849502619449e-01
8.172557693938068413e-01 1.873567449697813858e-01
2.368087712428220692e-01 3.386549604436571714e-01
5.764240753482251511e-01 1.529954917523830282e-01
3.869177343145653314e-01 7.344112359089532971e-01
3.548950480208596936e-01 8.815839261419885498e-01
5.255010300255850142e-01 6.860490646755696975e-01
2.620907578186972842e-01 6.668908267769778631e-01
2.491171309476492013e-02 3.026228322081758737e-01
7.336369030500263788e-01 7.237339982753809853e-01
1.961227214483678427e-01 8.303416234818600250e-01
8.439346878768838600e-02 7.424172206242809491e-01
1.036964380984516376e-01 3.537671684917710335e-01
5.989595398530587200e-01 1.115457743335571683e-01
4.038757708318148065e-01 7.554520027577145136e-01
2.888024131502059388e-01 4.445804015857869329e-01
8.132609524030104398e-01 4.914161263447508476e-01
5.874350220103669029e-01 3.901484732158737589e-01
7.990866051272099702e-01 1.113943286314382775e-01
9.537914504613037581e-01 1.348776927462196351e-01
6.506018769342033492e-01 8.997447873720394451e-01
4.871337666738976280e-01 6.359366072874271802e-01
3.415261938438755029e-01 7.054141245804501636e-03
8.809587925945989717e-01 4.576114506133858173e-01
6.069603369849191354e-01 5.538275319821653886e-01
3.089553761720815750e-01 4.741565377731434827e-01
4.173353804837819370e-01 9.567339834979265989e-01
3.518229370207894835e-01 3.585812172770368456e-01
8.832939814522520194e-01 9.824045474028730851e-01
5.208412862703120094e-01 5.074467306307860470e-01
1.311190933180075291e-01 8.814751434187245716e-01
1.154660926238215701e-02 3.705335659898647549e-01
6.940275325197078349e-01 7.362792527001492671e-01
9.631418106394079581e-01 1.960843172087641806e-01
2.916541583841947283e-01 5.918616273852772558e-02
4.411255877875103204e-01 6.312698533130722822e-01
7.169116974801713615e-01 6.055960622754075207e-01
3.951611396177041602e-01 2.766396301046855077e-01
1.144481551437618316e-01 9.323226409467052500e-01
8.772671659148721934e-01 7.305915806005169877e-02
9.630998551272356156e-01 4.003739632299996298e-01
5.180893749192464481e-01 6.717945670265923486e-02
3.586519502303705531e-01 3.057099662821304298e-01
1.733600694738846038e-02 1.299394209404217682e-01
6.142298144698293827e-01 9.343435642007115183e-01
9.258212260627396439e-03 5.087558717134225139e-01
8.558311237020834739e-01 3.127681897898860752e-01
9.679992109470052508e-01 4.571745729640031009e-02
3.368662441637544358e-01 9.301947527415510564e-01
4.067816523497005399e-01 3.999055986704016519e-01
9.186651719556302442e-01 2.606913851362854251e-01
3.083159621063962241e-01 9.443717335589590922e-01
3.769560104278212309e-01 2.311995735445225852e-01
4.426377660150215831e-02 5.287686692542409306e-01
4.371777391492775999e-01 9.178473392430409605e-01
8.566629876796587606e-01 3.747739018946892875e-01
9.676754652382103528e-01 1.764811966642656493e-01
5.293715813920868429e-01 2.371899805337758238e-01
5.954301757462129308e-01 5.466835600637065529e-02
9.244719104016120292e-01 6.259893136643974731e-01
4.108323492925068932e-01 1.079834492776188259e-02
7.940975856513300402e-01 9.938867156805560876e-01
1.349750596306119599e-01 4.170637377882836505e-01
2.569949128275933470e-01 7.437530780280129372e-01
3.243787119103831440e-01 9.704337093128182490e-01
4.720434806534978822e-02 4.495059360036823826e-01
3.550969937305377133e-01 3.410529507294816076e-01
5.484455327372860234e-01 7.311386914772386447e-01
4.846668122919762789e-01 3.149146196177416979e-01
3.496452848247186829e-01 3.374599363168873101e-02
1.023647603697271924e-01 5.144212346924459389e-02
1.195430199014594352e-01 3.729202880643489593e-04
3.363378041607683056e-01 7.003917312152598829e-01
9.377602120552751552e-01 9.454543979832152889e-01
1.021966671223926149e-01 4.916240379850314035e-01
7.238750012533398115e-01 5.334616688934934459e-02
9.979387642694912408e-01 7.846641341301624495e-01
2.266300629365752828e-01 1.362607760169040061e-01
2.982791140076823666e-01 9.145183310614171113e-01
6.085723274528670457e-01 1.789924397859072869e-01
3.340383394731749611e-02 7.463474891970975911e-01
5.336751429780958178e-01 6.797360922233919300e-01
6.026401412070884200e-01 7.858535539337372366e-01
5.532398030514620313e-01 5.871525627821893023e-01
9.679524349536001715e-01 6.894773236858537935e-01
7.883231186834208648e-01 4.681991204388787908e-01
4.766801214946825294e-02 9.991523044829205835e-01
3.164462813224917515e-01 8.259520160486225615e-01
6.649026278050478300e-01 3.399357180165822889e-01
3.655082813910356387e-01 5.644214743934744538e-01
8.351297753172703953e-01 8.714642103788559080e-01
7.581626377345015433e-01 9.791002588579851285e-01
2.854830724296355537e-01 9.528081763699610685e-01
7.499875570282515946e-01 2.047330701240014372e-01
3.095927938429663406e-01 8.947837912781930747e-01
6.853715002470870399e-01 3.556940681613556254e-01
9.993857220231724403e-01 8.996671469921585507e-01
4.634295899761458060e-01 3.502198984937949788e-01
8.284360443867784252e-01 1.418715940500504535e-01
8.727247742657519014e-01 4.007296259010618700e-01
6.454162792542461613e-02 7.248200528859998215e-01
1.644259926879942935e-01 5.860938872438338221e-01
7.331486825869516499e-01 9.655221225585941536e-02
2.084979055428045625e-01 9.489146026000883083e-01
3.629971889635152937e-02 9.771429224131314983e-01
5.015622492039609748e-01 7.159231350067978283e-01
1.880371678077100706e-01 6.878239884863281972e-01
9.960048644418162400e-01 1.311764264673069835e-01
7.556490428212765398e-01 8.652629716691341288e-01
4.805086796964258555e-01 5.740741021704628411e-01
5.087831662725890158e-01 5.250627012982145292e-01
6.918751741779386455e-01 6.566301917842196634e-01
1.568839299249674690e-01 9.681022174696440885e-02
5.412246346035344269e-01 8.010063517970034130e-01
8.835595814741354914e-01 4.031334162755955131e-01
3.938062358831125875e-01 4.035284328762324124e-01
5.090769427159365090e-01 8.059324955484884478e-01
7.650938540414113920e-01 7.790445552225877535e-01
7.243386592574991845e-01 9.054470664039776517e-01
8.715114301748106973e-01 6.752222376111415292e-01
3.019849842302532172e-01 4.110488724328524857e-01
4.227709096785885468e-01 4.848818037558806360e-01
8.297216949866234037e-01 5.880316611010761862e-01
4.720207897233622552e-01 7.249224077990955584e-01
5.642026803628776843e-01 2.008972699416639029e-01
5.448557545041914363e-01 7.944712846018833208e-01
7.806921624630613898e-02 6.027364424305363677e-01
9.494841925473119781e-01 3.611866688721820928e-02
6.818815605542011271e-01 9.787634764373708274e-01
9.402176792981257192e-01 5.845541645912186723e-01
6.484813515414689089e-01 9.725466783718106356e-01
6.817271651490065532e-01 4.985622647061567214e-01
3.123722843101924829e-01 3.502457468119200001e-01
9.379738465421413318e-01 8.291464493534408398e-01
9.638988925348087600e-01 7.305472544041019534e-01
2.845234313116484781e-01 6.554652697841910625e-01
9.575715486610814065e-01 6.170353075345583749e-01
5.313793272929954181e-01 3.213582706787834198e-01
3.572240974836468075e-01 1.369492859283488739e-01
7.753911125777470659e-01 3.093953426032801657e-01
5.576807600724764669e-02 2.105058652170730404e-01
5.423950788635848452e-01 9.405757095798683576e-02
2.577945996590225164e-04 9.289644113582888885e-01
7.915326347313308419e-01 6.571665592782740539e-01
1.297666645389916606e-02 7.112574771746726920e-02
8.258400679324959803e-01 7.849234906054336491e-02
9.394642647024880056e-01 8.757937775477502296e-01
4.547552561034500229e-01 8.134084612530209091e-01
3.716585557097217274e-01 7.679851693136769963e-01
8.271108409023890662e-01 3.403133990035067669e-02
3.514385227473902917e-01 4.465107525137728128e-01
9.204366867560483945e-01 9.219495853356196591e-01
6.614057713572171204e-01 1.774231417088796281e-01
5.606344638356099974e-01 5.615928422858429414e-01
3.666284104927300946e-01 1.914691897199738424e-01
4.562910188433397796e-01 2.830149642771699892e-01
3.074932413546812571e-01 2.423300942654338375e-01
5.025113172088349067e-01 2.923581936619377153e-01
3.532474352690728736e-01 8.888844113178517858e-01
2.240491628147756042e-01 1.363716225982845032e-01
4.355248937117901509e-01 8.154568021960052482e-01
8.742647588390402014e-01 4.520001001654359030e-01
4.332075673893487355e-02 6.027327568623332965e-01
1.225028288009430977e-01 2.369587265279116117e-01
3.780984966428956318e-01 5.870034632939672425e-01
4.412845542042018732e-01 8.792784660747856584e-01
3.376105602414002371e-01 8.328570426469389387e-01
3.623416123675098355e-01 1.592766206749773872e-02
9.304492299482491902e-03 6.258548334142708391e-01
4.070627020762418447e-01 9.164310000009804336e-01
6.164358848161654025e-01 8.983345091905015067e-02
5.888267900777632846e-01 6.810326592134500201e-01
5.346941026579068446e-01 7.365904174587308839e-01
3.685088744831548357e-01 4.325493929573088758e-01
5.544039704281006342e-01 5.731614921542429464e-01
3.848777064245209045e-01 6.110611240201112571e-01
3.718309857145191133e-01 1.807392901056670276e-01
9.809120588435813470e-01 8.750549391516841968e-01
2.635271691615188594e-01 8.498792642001758990e-01
3.214780353044233152e-01 5.907913696607606235e-01
4.226174469054821969e-01 1.853656465044591917e-01
8.421835027859955192e-01 5.833882952498669061e-01
1.136067210823480389e-01 6.173832231986410291e-01
5.188122248262525549e-01 3.093738004386903384e-01
1.556278613194280735e-01 5.522415618693935491e-01
8.326267935814057886e-01 8.872879657701623346e-01
7.624047183229339941e-01 3.700957231515378254e-02
5.794024063518452561e-01 1.119553389850900249e-01
7.962168813362242581e-01 9.257704167211026069e-01
2.596587004981273372e-01 9.363655341190288972e-01
2.968474658188771098e-01 2.818755167185861277e-01
4.999229788390419094e-01 2.595225992741687637e-01
3.620308584468898694e-01 9.308781854849987880e-01
6.176417047848777875e-01 7.642641706659347722e-02
1.498766630175075720e-01 1.345222559633058035e-01
7.173582111324875443e-01 4.859107992788018748e-01
6.256279734670365800e-01 5.225154547308643593e-01
9.776620759099474700e-01 6.709924178644263160e-01
2.645575197286450519e-01 8.135761123378038029e-01
1.165335717848811070e-01 9.966277707809447772e-01
2.466484445597140196e-01 3.690094347591521551e-01
2.528812694714468456e-01 9.775893489428767458e-01
6.403598267678344280e-01 4.772851431218523288e-01
5.505572120907996636e-01 2.731077772809251680e-01
6.514308178865202414e-01 1.507934775539657712e-01
5.827047785053474094e-02 1.313651060094023215e-02
3.644889205911931995e-01 8.607327400628075331e-01
1.294734340210170753e-01 3.526639343276800620e-01
2.793416066022121891e-01 9.038219225521421096e-01
6.368173217816709419e-01 9.605669312909606017e-01
6.947222463151861982e-01 9.856746964094307284e-01
1.665297957163287546e-01 5.661834245511110364e-01
6.701561855950105562e-01 1.073591950559807939e-01
1.775242801137044690e-02 7.535508030790882827e-02
7.822970459879520222e-01 8.649044169514349401e-01
6.950384842799877116e-01 2.515427363914345404e-01
3.319801791442635874e-01 2.554158075142823892e-01
5.572859678610893042e-01 2.846542319500237062e-01
4.956928724551696863e-01 2.859572711216400442e-01
8.346166134456856067e-02 3.676796828220864066e-01
2.826106240112490342e-01 9.987970327005156745e-01
7.155269970408691949e-01 6.178256763120544282e-01
9.689543457717006980e-01 4.518451472218713016e-01
8.884014753722364599e-01 4.627520447907307322e-01
8.504556850419623393e-01 1.756407934513740665e-01
5.906119888523121420e-01 6.569531382915161366e-03
8.539265910953659500e-01 2.089997017699196658e-02
2.286837753505391868e-01 4.164965559245265014e-01
1.426421803998240145e-01 7.010362381034598300e-01
1.680355014240105804e-01 6.680073810518724065e-01
4.308001575874698119e-01 4.078804070949985094e-01
5.703931378567589361e-01 9.928639111479702350e-01
6.770036928502641826e-01 6.505372446926764862e-01
7.827056536011933741e-02 5.012513054687519620e-01
6.365762297767263433e-02 4.707821104805014478e-01
5.093679607712509050e-01 5.378734911043002720e-01
8.267071542262316441e-02 1.338822252149111103e-01
1.101757140954267022e-01 7.321080789246047216e-01
8.559232476740711304e-01 3.787447868584326027e-01
8.578965261933702013e-02 5.456598628127196093e-01
7.737569525796458292e-01 7.984544604231802456e-01
3.915420519804866384e-01 1.660861859979503308e-01
3.858649929372256482e-01 7.593940172956669121e-01
3.090161269483487905e-01 1.299267113157529518e-01
3.742157870053021140e-01 3.969883939688206853e-01
9.506597322028825792e-01 1.824309001216071202e-01
1.295183203464216337e-01 3.494211368269529716e-01
7.818659006741132123e-01 6.691768981976851105e-01
8.741499685554536825e-01 4.465596937011154788e-01
2.764157006210425926e-01 1.439145672468714610e-01
4.888179227650557568e-01 7.829932975379627624e-01
5.778289864434446033e-01 5.282761984357237095e-01
5.008856971676659553e-01 4.594210076397322595e-01
1.844405684135870249e-01 3.888282523474777541e-01
1.833175227650881700e-01 5.872199259007371275e-02
1.646055315393547547e-01 6.262782964707835909e-03
7.125592838654669636e-01 8.071083532949251405e-01
2.553428072439587471e-01 5.373481735576377538e-01
7.851247707439454881e-01 4.106930768848261470e-01
7.405016220836181384e-01 6.170945112450371139e-01
6.784953649643433726e-01 2.055562774571105811e-01
9.244006929204717782e-02 6.994663890388119754e-01
7.858080133986248272e-01 1.562947036672746037e-01
3.753381862241348399e-01 3.147706565445628213e-01
9.463100946870987018e-01 7.645028904248259982e-01
2.269664008132417088e-01 8.843503617633265979e-01
4.853815089599299304e-01 1.335946242982734011e-01
6.183094207795335473e-01 3.292615383055740308e-01
2.387292808828418433e-01 2.261341981520693656e-01
8.465565983429097496e-01 1.105242537788261314e-01
6.165631219617123682e-01 7.290031473669511541e-01
9.628557449893160314e-02 5.093930793925931511e-01
2.943429939772660431e-01 3.024888765569426763e-01
2.927830583806397824e-01 4.760583258855997091e-01
8.937374824115957850e-01 4.199819053044513417e-01
6.618425226829521835e-01 4.407813544496059777e-01
1.721458328107854374e-01 6.551224426282844515e-01
2.192500857543422388e-01 2.313896657214203900e-01
3.328737515594502039e-01 1.021752797034390925e-01
9.142391504805563729e-01 5.884975309688224021e-01
8.374590910729906579e-01 8.647812961545133792e-01
1.801456865538401120e-01 8.107325953198728508e-01
5.464549020885867137e-02 9.733449179524986672e-01
1.914469607523416883e-01 7.607909905030731945e-01
2.421137199066111245e-01 4.034406460301398489e-02
8.129000528956070726e-01 7.408192253436749475e-01
9.964040904255564435e-01 4.274624532145636646e-01
2.754191894948437858e-01 7.095612549839812599e-01
6.406941462563781053e-01 6.127914079736213049e-01
4.366727407368669045e-01 4.032443435075231397e-01
4.377781315556903419e-01 7.568231045274392832e-01
8.376695282115879104e-01 5.239344873751233811e-01
1.971630602563249068e-01 4.731387312580264126e-01
7.660865798323925890e-01 1.790156574171368753e-01
7.222105537864970115e-01 1.208747062515747039e-02
9.482823865281719833e-01 7.701513798845696090e-01
9.014143869460374825e-01 2.870968616871044654e-01
7.570593721313921831e-01 2.671116483347658610e-01
4.821316649109245178e-01 2.367203412014773356e-01
4.660729580493584434e-01 7.126008024749064251e-02
9.973082539530628843e-01 9.500078812561444375e-01
9.703130871080256625e-02 5.356960225963028899e-01
8.785112034761018984e-01 5.444102311646332737e-01
5.598193317957823600e-01 1.008259423502301244e-01
4.554328967764165181e-02 6.796679574780795097e-01
3.158481506927738325e-01 5.211550674328635502e-02
8.327778000977229533e-01 8.468772596144684695e-01
5.524479663842581934e-01 6.880192518176087013e-02
3.768070643963428168e-02 3.284969099401875425e-01
5.434202134700641951e-01 2.544860289508884543e-01
8.029143344458136156e-01 7.505731586877371075e-01
9.077732011337906748e-01 1.510137840955592115e-01
8.448895202998421006e-01 1.143164685311330864e-01
5.547944000522615493e-01 8.640730610355357166e-01
8.426263162760875280e-01 3.210461265270618814e-01
3.132083864266198558e-01 6.602541570919869818e-01
2.147421568039800110e-01 2.343302673480796017e-01
3.279566236217554831e-01 4.843754055936100311e-01
1.364121062975295340e-01 9.348846465942459716e-01
2.255979955002204163e-01 7.253991636519221409e-01
5.109478844144517140e-01 6.138019791587651097e-01
1.328837609538069398e-02 2.028791675429875152e-01
4.390148127904711650e-01 7.166644359532837738e-01
8.354838076320527662e-01 3.973369124279146902e-01
2.380700176065001505e-01 7.736218187495012000e-01
5.890165490082255317e-04 5.540265371848893672e-01
6.157455457678443489e-01 4.136847436428596758e-01
7.378969086813217393e-01 4.905192800682369736e-01
6.498381725730633107e-01 1.456533059179068168e-01
4.258101925816537570e-02 1.429542165743228344e-01
1.560689554359628861e-02 5.013376932086395232e-01
4.729803612345842012e-01 5.445025864877138799e-01
6.779077401356909949e-01 5.609085752786013845e-02
6.111486402192730649e-01 1.585385067125117953e-01
2.371926417756412553e-01 4.941665087358761976e-01
1.054554727922634161e-01 6.008092802943095778e-01
9.763431840960312691e-01 2.442860534422134355e-01
4.149399453262779813e-01 6.895148213602562137e-01
2.037966121888189486e-01 9.887098490571258891e-01
9.300633503649365919e-01 8.413343837274042114e-01
3.635544347036194779e-01 5.339310733315646429e-01
4.608476292482566183e-02 4.530562485456468558e-02
8.636667067708601042e-01 6.184807361641958545e-01
9.226273681783501157e-01 1.731424845915080502e-01
7.883105964767554985e-01 1.095422351658188465e-01
5.229432354582453923e-01 7.594062791481314134e-01
5.551836775075480457e-02 5.292486482376778101e-01
8.483444771732751022e-01 5.879430842432543658e-01
3.299798111580154458e-01 1.628531178701452253e-01
8.430327618369879428e-01 8.284747811413711860e-01
3.130471486333586961e-01 4.310305737108180990e-01
2.701219069584364085e-01 2.693154615859117973e-01
5.202657139964815824e-01 7.575700409175647465e-01
2.301363851726231369e-01 2.643638139117265862e-02
9.242725063800116825e-01 4.288488467257286496e-01
9.957748182726692265e-01 5.190058999187461275e-01
3.967333837562970755e-01 9.844857551512740113e-01
1.161837028262332483e-01 5.643838374754269749e-01
1.286118104070270718e-01 3.514151855312909190e-01
1.972073473549895706e-01 3.819296968506014078e-01
8.331506765518568169e-01 7.060864781946721846e-01
2.195892375178043476e-01 4.809626678096832197e-01
7.844324669766670199e-01 1.883482539375668230e-01
